100,34392,1,0
100,34388,2,0
100,34382,3,0
100,34380,4,0
100,35285,5,0
100,35284,6,0
100,35304,7,0
100,35283,8,0
100,34404,9,0
100,34523,10,0
100,34525,11,0
100,34405,12,0
100,34528,13,0
100,34529,14,0
100,34407,15,0
100,34533,16,0
100,34410,17,0
100,34412,18,0
100,34414,19,0
100,34417,20,0
100,34536,21,0
100,34419,22,0
100,34421,23,0
100,34423,24,0
100,34425,25,0
100,34426,26,0
100,34429,27,0
100,34430,28,0
100,34332,29,0
100,34320,30,0
100,34432,31,0
100,34329,32,0
100,34542,33,0
100,34435,34,0
100,34439,35,0
100,34326,36,0
100,34328,37,0
100,34503,38,0
100,34446,39,0
100,34447,40,0
100,34504,41,0
100,34449,42,0
100,34451,43,0
100,34454,44,0
100,34456,45,0
100,34466,46,0
100,34460,47,0
100,34462,48,0
100,34463,49,0
100,34894,50,0
100,34896,51,0
100,34899,52,0
100,34901,53,0
100,35305,54,1
101,35305,1,0
101,35282,2,0
101,34898,3,0
101,34897,4,0
101,34895,5,0
101,34463,6,0
101,34458,7,0
101,34455,8,0
101,34453,9,0
101,34452,10,0
101,34450,11,0
101,34505,12,0
101,34448,13,0
101,34445,14,0
101,34502,15,0
101,34442,16,0
101,34327,17,0
101,34325,18,0
101,34444,19,0
101,34436,20,0
101,34318,21,0
101,34433,22,0
101,34541,23,0
101,34321,24,0
101,34331,25,0
101,34428,26,0
101,34427,27,0
101,34424,28,0
101,34422,29,0
101,34420,30,0
101,34418,31,0
101,34537,32,0
101,34416,33,0
101,34415,34,0
101,34411,35,0
101,34409,36,0
101,34534,37,0
101,34532,38,0
101,34530,39,0
101,34527,40,0
101,34406,41,0
101,34526,42,0
101,34524,43,0
101,34403,44,0
101,35225,45,0
101,35303,46,0
101,35302,47,0
101,35226,48,0
101,34381,49,0
101,35306,50,0
101,34392,51,1
300,34392,1,0
300,34388,2,0
300,34382,3,0
300,34380,4,0
300,34377,5,0
300,34375,6,0
300,34373,7,0
300,34371,8,0
300,34369,9,0
300,34367,10,0
300,34365,11,0
300,34363,12,0
300,34361,13,0
300,34359,14,0
300,34357,15,0
300,34355,16,0
300,34354,17,0
300,35224,18,0
300,34351,19,0
300,35254,20,0
300,34348,21,0
300,34345,22,0
300,34516,23,0
300,34517,24,0
300,34343,25,0
300,34341,26,0
300,34340,27,0
300,34338,28,0
300,34334,29,0
300,34332,30,0
300,34320,31,0
300,34432,32,0
300,34329,33,0
300,34542,34,0
300,34435,35,0
300,34439,36,0
300,34600,37,0
300,34547,38,0
300,34549,39,0
300,34581,40,0
300,34552,41,0
300,34550,42,0
300,34554,43,0
300,34557,44,0
300,34558,45,0
300,34560,46,0
300,34562,47,0
300,34565,48,0
300,34583,49,0
300,34567,50,0
300,34585,51,0
300,34570,52,0
300,34573,53,0
300,34574,54,0
300,34577,55,1
301,34577,1,0
301,34578,2,0
301,34574,3,0
301,34571,4,0
301,34586,5,0
301,34566,6,0
301,34584,7,0
301,34564,8,0
301,34563,9,0
301,34561,10,0
301,34559,11,0
301,34556,12,0
301,34555,13,0
301,34551,14,0
301,34553,15,0
301,34580,16,0
301,34611,17,0
301,34548,18,0
301,34546,19,0
301,34601,20,0
301,35321,21,0
301,34325,22,0
301,34444,23,0
301,34436,24,0
301,34318,25,0
301,34433,26,0
301,34541,27,0
301,34321,28,0
301,34333,29,0
301,34335,30,0
301,34339,31,0
301,34342,32,0
301,34344,33,0
301,34518,34,0
301,34515,35,0
301,34346,36,0
301,34349,37,0
301,35255,38,0
301,34350,39,0
301,35223,40,0
301,34353,41,0
301,34352,42,0
301,34356,43,0
301,34358,44,0
301,34360,45,0
301,34362,46,0
301,34364,47,0
301,34366,48,0
301,34368,49,0
301,34370,50,0
301,34372,51,0
301,34374,52,0
301,34376,53,0
301,34381,54,0
301,35306,55,0
301,34392,56,1
900,34392,1,0
900,34388,2,0
900,34382,3,0
900,34380,4,0
900,34377,5,0
900,34375,6,0
900,34373,7,0
900,34371,8,0
900,34369,9,0
900,34367,10,0
900,34365,11,0
900,34363,12,0
900,34361,13,0
900,34359,14,0
900,34357,15,0
900,34355,16,0
900,34354,17,0
900,35224,18,0
900,34351,19,0
900,35254,20,0
900,34348,21,0
900,34345,22,0
900,34516,23,0
900,34517,24,0
900,34343,25,0
900,34341,26,0
900,34340,27,0
900,34338,28,0
900,34337,29,0
900,34334,30,0
900,34332,31,0
900,34320,32,0
900,34432,33,0
900,34329,34,0
900,34542,35,0
900,34435,36,0
900,34439,37,0
900,34600,38,0
900,34545,39,0
900,34547,40,0
900,34599,41,0
900,34596,42,0
900,34594,43,0
900,34592,44,0
900,34589,45,0
900,34587,46,0
900,34562,47,0
900,34565,48,0
900,34583,49,0
900,34567,50,0
900,34585,51,0
900,34570,52,0
900,34573,53,0
900,34577,54,1
901,34577,1,0
901,34578,2,0
901,34574,3,0
901,34571,4,0
901,34586,5,0
901,34566,6,0
901,34584,7,0
901,34564,8,0
901,34563,9,0
901,34588,10,0
901,34590,11,0
901,34591,12,0
901,34593,13,0
901,34595,14,0
901,35208,15,0
901,34548,16,0
901,34546,17,0
901,34601,18,0
901,34325,19,0
901,34444,20,0
901,34436,21,0
901,34318,22,0
901,34433,23,0
901,34541,24,0
901,34321,25,0
901,34331,26,0
901,34333,27,0
901,34335,28,0
901,34339,29,0
901,34342,30,0
901,34344,31,0
901,34518,32,0
901,34515,33,0
901,34346,34,0
901,34349,35,0
901,35255,36,0
901,34350,37,0
901,35223,38,0
901,34353,39,0
901,34352,40,0
901,34356,41,0
901,34358,42,0
901,34360,43,0
901,34362,44,0
901,34364,45,0
901,34366,46,0
901,34368,47,0
901,34370,48,0
901,34372,49,0
901,34374,50,0
901,34376,51,0
901,34381,52,0
901,35306,53,0
901,34392,54,1
1200,34463,1,0
1200,34894,2,0
1200,34896,3,0
1200,34899,4,0
1200,34901,5,0
1200,34902,6,0
1200,34905,7,0
1200,34906,8,0
1200,34839,9,0
1200,34846,10,0
1200,34855,11,0
1200,34938,12,0
1200,35089,13,0
1200,35094,14,0
1200,35095,15,0
1200,35097,16,0
1200,34911,17,0
1200,35209,18,0
1200,34914,19,0
1200,34915,20,0
1200,34917,21,0
1200,34919,22,0
1200,34925,23,0
1200,34927,24,0
1200,35211,25,0
1200,34921,26,0
1200,35213,27,0
1200,35215,28,0
1200,35217,29,0
1200,35219,30,0
1200,35221,31,0
1200,34930,32,0
1200,34923,33,0
1200,34931,34,0
1200,35381,35,0
1200,35379,36,0
1200,35293,37,1
1201,35293,1,0
1201,35380,2,0
1201,35382,3,0
1201,34931,4,0
1201,34924,5,0
1201,34929,6,0
1201,35222,7,0
1201,35220,8,0
1201,35218,9,0
1201,35216,10,0
1201,35214,11,0
1201,34922,12,0
1201,35212,13,0
1201,34928,14,0
1201,34926,15,0
1201,34920,16,0
1201,34918,17,0
1201,34916,18,0
1201,34913,19,0
1201,35210,20,0
1201,34912,21,0
1201,35098,22,0
1201,35096,23,0
1201,35093,24,0
1201,35090,25,0
1201,34856,26,0
1201,34850,27,0
1201,34847,28,0
1201,34840,29,0
1201,34841,30,0
1201,34904,31,0
1201,34903,32,0
1201,34900,33,0
1201,34898,34,0
1201,34897,35,0
1201,34895,36,0
1201,34463,37,1
1309,34463,1,0
1309,34460,2,0
1309,34742,3,0
1309,34743,4,0
1309,34806,5,0
1309,34803,6,0
1309,34804,7,0
1309,34808,8,0
1309,35373,9,0
1309,34810,10,0
1309,35375,11,0
1309,35378,12,0
1309,34750,13,0
1309,34752,14,0
1309,34754,15,0
1309,34793,16,0
1309,34794,17,0
1309,34756,18,0
1309,34758,19,0
1309,34795,20,0
1309,34760,21,0
1309,34761,22,0
1309,34762,23,0
1309,34763,24,0
1309,34796,25,0
1309,34767,26,0
1309,34799,27,0
1309,34770,28,0
1309,34772,29,0
1309,34775,30,0
1309,34776,31,0
1309,34774,32,0
1309,34771,33,0
1309,34798,34,0
1309,34768,35,0
1309,34797,36,0
1309,34764,37,0
1309,34777,38,0
1309,34778,39,0
1309,34801,40,0
1309,34779,41,0
1309,35377,42,0
1309,35376,43,0
1309,34809,44,0
1309,35374,45,0
1309,34807,46,0
1309,34805,47,0
1309,34802,48,0
1309,35232,49,0
1309,35233,50,0
1309,34741,51,0
1309,34740,52,0
1309,34461,53,0
1309,34462,54,0
1409,34463,1,0
1409,34894,2,0
1409,34896,3,0
1409,34899,4,0
1409,34901,5,0
1409,34902,6,0
1409,34905,7,0
1409,34906,8,0
1409,35361,9,0
1409,35363,10,0
1409,34878,11,0
1409,34879,12,0
1409,35365,13,0
1409,34883,14,0
1409,34881,15,0
1409,35367,16,0
1409,34835,17,0
1409,34834,18,0
1409,35239,19,0
1409,34831,20,0
1409,34829,21,0
1409,35235,22,0
1409,34827,23,0
1409,34825,24,0
1409,35369,25,0
1409,35372,26,0
1409,34909,27,0
1409,35371,28,0
1409,35370,29,0
1409,34826,30,0
1409,34828,31,0
1409,35234,32,0
1409,34830,33,0
1409,34832,34,0
1409,35238,35,0
1409,34833,36,0
1409,34836,37,0
1409,35368,38,0
1409,35366,39,0
1409,34882,40,0
1409,35364,41,0
1409,34880,42,0
1409,34877,43,0
1409,35362,44,0
1409,35360,45,0
1409,34904,46,0
1409,34903,47,0
1409,34900,48,0
1409,34898,49,0
1409,34897,50,0
1409,34895,51,0
1500,34320,1,0
1500,34432,2,0
1500,34329,3,0
1500,34542,4,0
1500,35192,5,0
1500,34509,6,0
1500,34489,7,0
1500,34490,8,0
1500,34491,9,0
1500,35332,10,0
1500,35334,11,0
1500,35335,12,0
1500,35338,13,0
1500,34485,14,0
1500,35339,15,0
1500,35341,16,0
1500,35343,17,0
1500,35344,18,0
1500,35345,19,0
1500,35346,20,0
1500,35348,21,0
1500,35350,22,0
1500,34493,23,0
1500,34470,24,0
1500,34469,25,0
1500,34471,26,0
1500,34472,27,0
1500,35356,28,0
1500,34497,29,0
1500,35228,30,0
1500,34499,31,0
1500,34789,32,0
1500,34514,33,0
1500,34463,34,1
1501,34463,1,0
1501,34727,2,0
1501,34790,3,0
1501,35359,4,0
1501,35358,5,0
1501,35357,6,0
1501,34496,7,0
1501,35355,8,0
1501,35354,9,0
1501,35353,10,0
1501,35352,11,0
1501,35351,12,0
1501,35349,13,0
1501,35347,14,0
1501,34477,15,0
1501,34478,16,0
1501,34479,17,0
1501,35342,18,0
1501,35340,19,0
1501,34482,20,0
1501,34484,21,0
1501,35337,22,0
1501,35336,23,0
1501,35333,24,0
1501,35331,25,0
1501,35330,26,0
1501,35329,27,0
1501,35328,28,0
1501,35327,29,0
1501,35326,30,0
1501,34325,31,0
1501,34444,32,0
1501,34436,33,0
1501,34318,34,0
1501,34433,35,0
1501,34541,36,0
1501,34321,37,1
2009,34320,1,0
2009,34321,2,0
2009,34331,3,0
2009,34428,4,0
2009,34692,5,0
2009,34697,6,0
2009,35325,7,0
2009,34701,8,0
2009,34703,9,0
2009,35292,10,0
2009,34705,11,0
2009,35181,12,0
2009,34708,13,0
2009,34709,14,0
2009,34711,15,0
2009,34713,16,0
2009,34715,17,0
2009,34717,18,0
2009,34718,19,0
2009,34719,20,0
2009,34720,21,0
2009,34652,22,0
2009,34600,23,0
2009,34655,24,0
2009,34659,25,0
2009,34661,26,0
2009,34662,27,0
2009,34721,28,0
2009,34722,29,0
2009,35258,30,0
2009,35259,31,0
2009,34724,32,0
2009,35184,33,0
2009,34725,34,0
2009,35185,35,0
2009,34726,36,0
2009,35186,37,0
2009,34716,38,0
2009,34714,39,0
2009,34712,40,0
2009,34710,41,0
2009,34707,42,0
2009,35182,43,0
2009,34706,44,0
2009,34696,45,0
2009,34698,46,0
2009,34693,47,0
2009,34337,48,0
2009,34334,49,0
2009,34332,50,0
2109,34320,1,0
2109,34321,2,0
2109,34678,3,0
2109,34679,4,0
2109,34680,5,0
2109,34683,6,0
2109,34330,7,0
2109,34684,8,0
2109,34685,9,0
2109,34686,10,0
2109,35179,11,0
2109,34687,12,0
2109,34688,13,0
2109,35324,14,0
2109,34689,15,0
2109,34690,16,0
2109,35276,17,0
2109,35323,18,0
2109,34428,19,0
2109,35319,20,0
2109,34425,21,0
2109,34540,22,0
2109,34332,23,0
2309,34320,1,0
2309,34432,2,0
2309,34329,3,0
2309,34542,4,0
2309,34435,5,0
2309,34439,6,0
2309,34600,7,0
2309,34545,8,0
2309,34659,9,0
2309,34661,10,0
2309,34662,11,0
2309,35322,12,0
2309,35267,13,0
2309,34664,14,0
2309,34665,15,0
2309,34666,16,0
2309,34667,17,0
2309,35190,18,0
2309,34668,19,0
2309,34669,20,0
2309,34670,21,0
2309,34671,22,0
2309,34673,23,0
2309,34593,24,0
2309,34595,25,0
2309,35208,26,0
2309,34548,27,0
2309,34546,28,0
2309,34601,29,0
2309,34325,30,0
2309,34444,31,0
2309,34436,32,0
2309,34318,33,0
2309,34433,34,0
2309,34541,35,0
2309,34321,36,0
2309,34331,37,0
2309,34538,38,0
2309,34539,39,0
2309,34540,40,0
2309,34424,41,0
2309,35320,42,0
2309,34429,43,0
2309,34430,44,0
2309,34332,45,0
2509,34320,1,0
2509,34432,2,0
2509,34329,3,0
2509,34542,4,0
2509,34435,5,0
2509,34439,6,0
2509,34600,7,0
2509,34545,8,0
2509,34547,9,0
2509,34608,10,0
2509,35383,11,0
2509,35384,12,0
2509,35386,13,0
2509,35387,14,0
2509,35388,15,0
2509,35389,16,0
2509,35390,17,0
2509,35391,18,0
2509,35392,19,0
2509,34558,20,0
2509,34560,21,0
2509,34562,22,0
2509,34623,23,0
2509,34625,24,0
2509,34627,25,0
2509,34629,26,0
2509,35206,27,0
2509,34631,28,0
2509,34632,29,0
2509,34634,30,0
2509,34636,31,0
2509,34639,32,0
2509,34640,33,0
2509,34641,34,0
2509,34642,35,0
2509,34644,36,0
2509,35247,37,0
2509,35250,38,0
2509,35252,39,0
2509,34565,40,0
2509,34583,41,0
2509,34567,42,0
2509,34585,43,0
2509,34570,44,0
2509,34573,45,0
2509,34574,46,0
2509,34578,47,0
2509,34577,48,0
2509,34576,49,0
2509,35253,50,0
2509,35251,51,0
2509,35395,52,0
2509,34643,53,0
2509,35207,54,0
2509,34638,55,0
2509,34637,56,0
2509,34571,57,0
2509,34586,58,0
2509,34566,59,0
2509,34584,60,0
2509,34635,61,0
2509,34633,62,0
2509,34630,63,0
2509,35205,64,0
2509,35204,65,0
2509,34628,66,0
2509,34626,67,0
2509,34624,68,0
2509,34561,69,0
2509,34559,70,0
2509,34612,71,0
2509,34613,72,0
2509,34614,73,0
2509,34615,74,0
2509,35187,75,0
2509,34616,76,0
2509,34617,77,0
2509,34618,78,0
2509,35385,79,0
2509,34619,80,0
2509,34620,81,0
2509,34610,82,0
2509,34611,83,0
2509,34548,84,0
2509,34546,85,0
2509,34601,86,0
2509,35321,87,0
2509,34325,88,0
2509,34444,89,0
2509,34436,90,0
2509,34318,91,0
2509,34433,92,0
2509,34541,93,0
2509,34321,94,1
3009,34392,1,0
3009,35046,2,0
3009,35044,3,0
3009,35200,4,0
3009,35040,5,0
3009,35039,6,0
3009,35037,7,0
3009,35035,8,0
3009,35033,9,0
3009,35031,10,0
3009,34998,11,0
3009,34995,12,0
3009,34994,13,0
3009,34992,14,0
3009,34990,15,0
3009,34987,16,0
3009,35198,17,0
3009,34985,18,0
3009,34983,19,0
3009,34981,20,0
3009,34978,21,0
3009,35009,22,0
3009,35011,23,0
3009,35008,24,0
3009,35006,25,0
3009,35004,26,0
3009,34999,27,0
3009,35000,28,0
3009,35003,29,0
3009,35005,30,0
3009,35007,31,0
3009,35012,32,0
3009,35010,33,0
3009,34979,34,0
3009,34982,35,0
3009,34984,36,0
3009,34986,37,0
3009,35199,38,0
3009,34988,39,0
3009,34989,40,0
3009,34991,41,0
3009,34993,42,0
3009,34996,43,0
3009,34997,44,0
3009,35030,45,0
3009,35032,46,0
3009,35034,47,0
3009,35036,48,0
3009,35038,49,0
3009,35041,50,0
3009,35042,51,0
3009,35043,52,0
3009,35045,53,0
3009,35047,54,0
3009,34387,55,0
3109,34392,1,0
3109,34388,2,0
3109,34383,3,0
3109,35314,4,0
3109,34384,5,0
3109,35317,6,0
3109,34394,7,0
3109,34396,8,0
3109,34397,9,0
3109,35087,10,0
3109,35099,11,0
3109,35100,12,0
3109,35101,13,0
3109,35102,14,0
3109,35103,15,0
3109,35188,16,0
3109,35104,17,0
3109,35106,18,0
3109,35107,19,0
3109,35189,20,0
3109,35108,21,0
3109,35109,22,0
3109,35111,23,0
3109,35112,24,0
3109,35113,25,0
3109,35114,26,0
3109,35115,27,0
3109,35116,28,0
3109,34395,29,0
3109,35318,30,0
3109,35316,31,0
3109,35315,32,0
3109,34385,33,0
3200,34392,1,0
3200,35046,2,0
3200,35031,3,0
3200,34998,4,0
3200,34995,5,0
3200,35013,6,0
3200,35016,7,0
3200,35017,8,0
3200,35019,9,0
3200,35021,10,0
3200,35022,11,0
3200,35023,12,0
3200,35024,13,0
3200,35201,14,0
3200,35025,15,0
3200,35026,16,0
3200,35027,17,0
3200,35028,18,0
3200,35029,19,0
3200,35149,20,0
3200,35151,21,0
3200,35153,22,0
3200,35154,23,0
3200,35078,24,0
3200,35158,25,0
3200,35160,26,0
3200,35163,27,0
3200,35165,28,0
3200,35166,29,0
3200,35169,30,0
3200,35170,31,0
3200,35173,32,0
3200,35203,33,0
3200,35174,34,0
3200,35176,35,0
3200,35177,36,0
3200,35178,37,1
3201,35178,1,0
3201,35175,2,0
3201,35202,3,0
3201,35172,4,0
3201,35393,5,0
3201,35171,6,0
3201,35168,7,0
3201,35167,8,0
3201,35164,9,0
3201,35162,10,0
3201,35161,11,0
3201,35159,12,0
3201,35157,13,0
3201,35156,14,0
3201,35152,15,0
3201,35150,16,0
3201,35148,17,0
3201,35020,18,0
3201,35018,19,0
3201,35015,20,0
3201,35014,21,0
3201,34977,22,0
3201,34996,23,0
3201,34997,24,0
3201,35030,25,0
3201,35086,26,0
3201,35047,27,0
3201,34387,28,0
3201,34389,29,0
3201,34392,30,1
3301,35026,1,0
3301,35027,2,0
3301,35028,3,0
3301,35029,4,0
3301,35020,5,0
3301,35018,6,0
3301,35015,7,0
3301,35014,8,0
3301,34977,9,0
3301,34994,10,0
3301,34992,11,0
3301,34990,12,0
3301,34987,13,0
3301,35198,14,0
3301,34985,15,0
3301,34983,16,0
3301,34981,17,0
3301,34978,18,0
3301,35009,19,0
3301,35011,20,0
3301,35008,21,0
3301,35006,22,0
3301,35004,23,0
3301,34999,24,0
3301,35312,25,0
3301,35144,26,0
3301,35143,27,0
3301,35140,28,0
3301,35138,29,0
3301,34350,30,0
3301,35223,31,0
3301,34353,32,0
3301,34355,33,0
3301,35311,34,0
3301,35309,35,0
3301,35074,36,0
3301,34337,37,0
3301,34334,38,0
3301,34332,39,0
3301,34320,40,1
3309,34320,1,0
3309,34321,2,0
3309,34331,3,0
3309,34333,4,0
3309,34335,5,0
3309,34339,6,0
3309,35308,7,0
3309,35310,8,0
3309,34354,9,0
3309,35224,10,0
3309,34351,11,0
3309,35139,12,0
3309,35141,13,0
3309,35142,14,0
3309,35145,15,0
3309,35313,16,0
3309,35000,17,0
3309,35003,18,0
3309,35005,19,0
3309,35007,20,0
3309,35012,21,0
3309,35010,22,0
3309,34979,23,0
3309,34982,24,0
3309,34984,25,0
3309,34986,26,0
3309,35199,27,0
3309,34988,28,0
3309,34989,29,0
3309,34991,30,0
3309,34993,31,0
3309,35013,32,0
3309,35016,33,0
3309,35017,34,0
3309,35019,35,0
3309,35021,36,0
3309,35022,37,0
3309,35023,38,0
3309,35024,39,0
3309,35201,40,0
3309,35025,41,0
3309,35026,42,1
3409,34392,1,0
3409,34390,2,0
3409,34946,3,0
3409,34947,4,0
3409,34948,5,0
3409,34949,6,0
3409,34950,7,0
3409,34951,8,0
3409,34953,9,0
3409,34955,10,0
3409,34956,11,0
3409,34957,12,0
3409,34958,13,0
5200,34320,1,0
5200,34321,2,0
5200,34331,3,0
5200,34333,4,0
5200,34335,5,0
5200,34692,6,0
5200,34697,7,0
5200,35123,8,0
5200,35295,9,0
5200,35124,10,0
5200,35125,11,0
5200,35126,12,0
5200,34319,13,0
5200,35127,14,0
5200,35128,15,0
5200,35129,16,0
5200,35130,17,0
5200,34700,18,0
5200,34696,19,0
5200,34698,20,0
5200,34693,21,0
5200,34337,22,0
5200,34334,23,0
5200,34332,24,0
5209,34320,1,0
5209,34321,2,0
5209,34331,3,0
5209,34333,4,0
5209,34335,5,0
5209,34692,6,0
5209,34697,7,0
5209,35131,8,0
5209,35132,9,0
5209,35133,10,0
5209,35134,11,0
5209,35394,12,0
5209,35135,13,0
5209,35299,14,0
5209,35396,15,0
5209,35295,16,0
5209,35123,17,0
5209,34700,18,0
5209,34696,19,0
5209,34698,20,0
5209,34693,21,0
5209,34337,22,0
5209,34334,23,0
5209,34332,24,0
