100,'73',655,,1743,29,,,0,70,,1754,29,,,0,30,,1761,32,,,0,70,,1735,32,,,0,30,,1752,32,,,0,70,,1762,32,,,0,30,,1736,32,,,0,70,,1753,32,,,0,30,,1757,32,,,0,70,,1737,32,,,0,30,,1744,32,,,0,70,,1758,32,,,0,30,,1738,32,,,0,70,,1745,32,,,0,30,,1759,32,,,0,70,,1739,32,,,0,30,,1746,32,,,0,70,,1755,32,,,0,30,,1733,32,,,0,70,,1747,32,,,0,30,,1756,32,,,0,70,,1734,32,,,0,30,,1748,32,,,0,70,,1760,32,,,0,30,,1740,32,,,0,70,,1749,32,,,0,30,,1763,32,,,0,70,,1741,32,,,0,30,,1750,32,,,0,70,,1764,32,,,0,30,,1742,32,,,0,70,,1751,32,,,0
100,'74',755,,1780,29,,,0,70,,1770,29,,,0,30,,1772,32,,,0,70,,1782,32,,,0,30,,1771,32,,,0,70,,1773,32,,,0,30,,1786,32,,,0,70,,1765,32,,,0,30,,1774,32,,,0,70,,1779,32,,,0,30,,1766,32,,,0,70,,1775,32,,,0,30,,1783,32,,,0,70,,1767,32,,,0,30,,1776,32,,,0,70,,1784,32,,,0,30,,1768,32,,,0,70,,1777,32,,,0,30,,1785,32,,,0,70,,1769,32,,,0,30,,1778,32,,,0,70,,1781,32,,,0
100,'75',625,,1813,29,,,0,30,,1797,29,,,0,55,,1826,29,,,0,15,,1803,32,,,0,15,,1828,32,,,0,15,,1819,32,,,0,55,,1821,32,,,0,15,,1787,32,,,0,15,,1824,32,,,0,15,,1798,32,,,0,55,,1829,32,,,0,15,,1820,32,,,0,30,,1791,32,,,0,70,,1799,32,,,0,30,,1812,32,,,0,70,,1792,32,,,0,30,,1804,32,,,0,70,,1810,32,,,0,30,,1793,32,,,0,70,,1805,32,,,0,30,,1809,32,,,0,70,,1794,32,,,0,30,,1806,32,,,0,55,,1832,29,,,0,15,,1815,32,,,0,15,,1823,29,,,0,15,,1795,32,,,0,55,,1827,29,,,0,15,,1807,32,,,0,15,,1830,32,,,0,15,,1816,32,,,0,55,,1822,32,,,0,15,,1796,32,,,0,15,,1825,32,,,0,15,,1800,32,,,0,55,,1831,32,,,0,15,,1817,32,,,0,30,,1788,32,,,0,70,,1801,32,,,0,30,,1818,32,,,0,70,,1789,32,,,0,30,,1802,32,,,0,70,,1811,32,,,0,30,,1790,32,,,0,70,,1808,32,,,0,30,,1814,32,,,0
300,'73',640,,1956,31,,,0,70,,1935,31,,,0,30,,1949,31,,,0,70,,1957,31,,,0,30,,1936,31,,,0,70,,1950,31,,,0,30,,1958,31,,,0,70,,1937,31,,,0,30,,1951,31,,,0,70,,1966,31,,,0,30,,1938,31,,,0,70,,1947,31,,,0,30,,1960,31,,,0,70,,1939,31,,,0,30,,1948,31,,,0,70,,1965,31,,,0,30,,1940,31,,,0,70,,1953,31,,,0,30,,1959,31,,,0,70,,1941,31,,,0,30,,1954,31,,,0,70,,1961,31,,,0,30,,1942,31,,,0,70,,1952,31,,,0,30,,1962,31,,,0,70,,1943,31,,,0,30,,1955,31,,,0,70,,1963,31,,,0,30,,1944,31,,,0,70,,1946,31,,,0,30,,1964,31,,,0,70,,1945,31,,,0
300,'74',740,,1981,31,,,0,70,,1989,31,,,0,30,,1969,31,,,0,70,,1974,31,,,0,30,,1985,31,,,0,70,,1968,31,,,0,30,,1975,31,,,0,70,,1983,31,,,0,30,,1970,31,,,0,70,,1976,31,,,0,30,,1984,31,,,0,70,,1971,31,,,0,30,,1977,31,,,0,70,,1987,31,,,0,30,,1972,31,,,0,70,,1978,31,,,0,30,,1988,31,,,0,70,,1973,31,,,0,30,,1979,31,,,0,70,,1982,31,,,0,30,,1967,31,,,0,70,,1980,31,,,0,30,,1986,31,4,,0
300,'75',610,,2011,31,,,0,30,,2024,31,,,0,70,,1998,31,,,0,30,,2012,31,,,0,70,,2019,31,,,0,30,,1995,31,,,0,70,,2007,31,,,0,30,,2014,31,,,0,70,,1996,31,,,0,30,,2001,31,,,0,70,,2020,31,,,0,30,,1997,31,,,0,70,,2008,31,,,0,30,,2015,31,,,0,70,,1990,31,,,0,30,,2002,31,,,0,70,,2016,31,,,0,30,,1991,31,,,0,70,,2003,31,,,0,30,,2017,31,,,0,70,,1992,31,,,0,30,,2004,31,,,0,70,,2018,31,,,0,30,,1993,31,,,0,70,,2009,31,,,0,30,,2013,31,,,0,70,,1994,31,,,0,30,,2006,31,,,0,70,,2022,31,,,0,30,,1999,31,,,0,70,,2010,31,,,0,30,,2023,31,,,0,70,,2000,31,,,0,30,,2005,31,,,0,70,,2021,31,,,0
900,'75',625,,2116,31,,,0,30,,2132,31,,,0,70,,2138,31,,,0,30,,2117,31,,,0,70,,2125,31,,,0,30,,2133,31,,,0,70,,2118,31,,,0,30,,2126,31,,,0,70,,2134,31,,,0,30,,2119,31,,,0,70,,2127,31,,,0,30,,2135,31,,,0,70,,2120,31,,,0,30,,2128,31,,,0,70,,2136,31,,,0,30,,2121,31,,,0,70,,2129,31,,,0,30,,2137,31,,,0,70,,2122,31,,,0,30,,2130,31,,,0,70,,2139,31,,,0,30,,2123,31,,,0,70,,2131,31,,,0,30,,2140,31,,,0,70,,2124,31,,,0
1500,'73',720,,2188,1,,,0,100,,2189,1,,,0,100,,2186,1,,,0,100,,2187,1,,,0,30,,2185,1,,,0,70,,2190,1,,,0,30,,2178,1,,,0,70,,2191,1,,,0,30,,2179,1,,,0,70,,2192,1,,,0,30,,2180,1,,,0,70,,2193,1,,,0,30,,2181,1,,,0,70,,2194,1,,,0,30,,2182,1,,,0,70,,2195,1,,,0,30,,2183,1,,,0,70,,2196,1,,,0,30,,2184,1,,,0,70,,2197,1,,,0,100,,2198,1,,,0,100,,2199,1,,,0,100,,2200,1,,,0,100,,2201,1,,,0
1500,'74',820,,2204,1,,,0,100,,2205,1,,,0,100,,2206,1,,,0,100,,2207,1,,,0,100,,2208,1,,,0,100,,2209,1,,,0,100,,2210,1,,,0,100,,2211,1,,,0,100,,2212,1,,,0,100,,2203,1,,,0,100,,2202,1,,,0
1500,'75',620,,2230,1,,,0,30,,2213,1,,,0,70,,2231,1,,,0,30,,2214,1,,,0,70,,2226,1,,,0,30,,2215,1,,,0,70,,2227,1,,,0,30,,2216,1,,,0,70,,2228,1,,,0,30,,2217,1,,,0,70,,2229,1,,,0,30,,2218,1,,,0,70,,2232,1,,,0,30,,2219,1,,,0,70,,2233,1,,,0,30,,2237,1,,,0,70,,2234,1,,,0,30,,2238,1,,,0,70,,2235,1,,,0,30,,2239,1,,,0,70,,2236,1,,,0,30,,2240,1,,,0,70,,2220,1,,,0,30,,2241,1,,,0,70,,2221,1,,,0,100,,2222,1,,,0,100,,2223,1,,,0,100,,2224,1,,,0,100,,2225,1,,,0
2000,'73',808,,2318,34,4,,0,2,,2325,1,,,0,98,,2312,34,4,,0,2,,2326,1,,,0,98,,2313,34,4,,0,2,,2308,1,,,0,98,,2310,34,4,,0,2,,2309,1,,,0,98,,2314,34,4,,0,2,,2321,1,,,0,98,,2311,34,4,,0,2,,2322,1,,,0,98,,2315,34,4,,0,2,,2323,1,,,0,98,,2316,34,4,,0,2,,2324,1,,,0,98,,2317,34,4,,0,2,,2319,1,,,0,98,,2327,34,4,,0,2,,2320,1,,,0
2000,'75',610,,2343,1,,,0,98,,2329,34,4,,0,2,,2344,1,,,0,98,,2330,34,4,,0,2,,2345,1,,,0,98,,2328,34,4,,0,2,,2346,1,,,0,98,,2333,34,4,,0,2,,2347,1,,,0,98,,2335,34,4,,0,2,,2348,1,,,0,98,,2336,34,4,,0,2,,2339,1,,,0,98,,2334,34,4,,0,2,,2340,1,,,0,98,,2338,34,4,,0,2,,2341,1,,,0,98,,2352,34,4,,0,2,,2342,1,,,0,98,,2331,34,4,,0,2,,2349,1,,,0,98,,2332,34,4,,0,2,,2350,1,,,0,98,,2337,34,4,,0,2,,2351,1,,,0
2100,'73',735,,2353,1,,,0,18,,2353,25,4,,0,82,,2354,1,,,0,18,,2354,25,4,,0,82,,2359,1,,,0,18,,2359,25,4,,0,82,,2360,1,,,0,18,,2360,25,4,,0,82,,2361,1,,,0,18,,2361,25,4,,0,82,,2358,1,,,0,18,,2358,25,4,,0,82,,2362,1,,,0,18,,2362,25,4,,0,82,,2363,1,,,0,18,,2363,25,4,,0,82,,2355,1,,,0,18,,2355,25,4,,0,82,,2356,1,,,0,18,,2356,25,4,,0,82,,2357,1,,,0,18,,2357,25,4,,0
2100,'75',635,,2377,1,,,0,18,,2377,25,4,,0,52,,2387,1,,,0,18,,2387,25,4,,0,12,,2378,1,,,0,18,,2378,25,4,,0,52,,2388,1,,,0,18,,2388,25,4,,0,12,,2373,1,,,0,18,,2373,25,4,,0,52,,2389,1,,,0,18,,2389,25,4,,0,12,,2374,1,,,0,18,,2374,25,4,,0,52,,2390,1,,,0,18,,2390,25,4,,0,12,,2375,1,,,0,18,,2375,25,4,,0,52,,2385,1,,,0,18,,2385,25,4,,0,12,,2376,1,,,0,18,,2376,25,4,,0,52,,2379,1,,,0,18,,2379,25,4,,0,12,,2364,1,,,0,18,,2364,25,4,,0,52,,2380,1,,,0,18,,2380,25,4,,0,12,,2369,1,,,0,18,,2369,25,4,,0,52,,2381,1,,,0,18,,2381,25,4,,0,12,,2370,1,,,0,18,,2370,25,4,,0,52,,2382,1,,,0,18,,2382,25,4,,0,12,,2371,1,,,0,18,,2371,25,4,,0,52,,2383,1,,,0,18,,2383,25,4,,0,12,,2372,1,,,0,18,,2372,25,4,,0,52,,2384,1,,,0,18,,2384,25,4,,0,12,,2365,1,,,0,18,,2365,25,4,,0,52,,2386,1,,,0,18,,2386,25,4,,0,12,,2366,1,,,0,18,,2366,25,4,,0,82,,2367,1,,,0,18,,2367,25,4,,0,82,,2368,1,,,0,18,,2368,25,4,,0
2300,'73',755,,2397,1,,,0,75,,2397,44,4,,0,25,,2398,1,,,0,75,,2398,44,4,,0,25,,2399,1,,,0,75,,2399,44,4,,0,25,,2400,1,,,0,75,,2400,44,4,,0,25,,2401,1,,,0,75,,2401,44,4,,0,25,,2393,1,,,0,75,,2393,44,4,,0,25,,2394,1,,,0,75,,2394,44,4,,0,25,,2395,1,,,0,75,,2395,44,4,,0,25,,2396,1,,,0,75,,2396,44,4,,0,25,,2392,1,,,0,75,,2392,44,4,,0,25,,2391,1,,,0
2300,'75',625,,2417,1,,,0,30,,2403,1,,,0,45,,2417,44,4,,0,25,,2418,1,,,0,5,,2403,44,4,,0,25,,2404,1,,,0,45,,2418,44,4,,0,25,,2425,1,,,0,5,,2404,44,4,,0,25,,2405,1,,,0,45,,2425,44,4,,0,25,,2419,1,,,0,5,,2405,44,4,,0,25,,2406,1,,,0,45,,2419,44,4,,0,25,,2420,1,,,0,5,,2406,44,4,,0,25,,2407,1,,,0,45,,2420,44,4,,0,25,,2421,1,,,0,5,,2407,44,4,,0,25,,2408,1,,,0,45,,2421,44,4,,0,25,,2426,1,,,0,5,,2408,44,4,,0,25,,2409,1,,,0,45,,2426,44,4,,0,25,,2427,1,,,0,5,,2409,44,4,,0,25,,2410,1,,,0,45,,2427,44,4,,0,25,,2428,1,,,0,5,,2410,44,4,,0,25,,2411,1,,,0,45,,2428,44,4,,0,25,,2422,1,,,0,5,,2411,44,4,,0,25,,2412,1,,,0,45,,2422,44,4,,0,25,,2423,1,,,0,5,,2412,44,4,,0,25,,2413,1,,,0,45,,2423,44,4,,0,25,,2424,1,,,0,5,,2413,44,4,,0,25,,2414,1,,,0,45,,2424,44,4,,0,30,,2414,44,4,,0,25,,2415,1,,,0,75,,2415,44,4,,0,25,,2416,1,,,0,75,,2416,44,4,,0,25,,2402,1,,,0
3300,'75',745,,2566,39,4,,0,100,,2567,39,4,,0,700,,2568,39,4,,0,100,,2564,39,4,,0,100,,2565,39,4,,0
3301,'75',650,,2570,1,0,9 1 26,0,100,,2571,1,0,9 1 26,0,100,,2572,1,0,9 1 26,0,700,,2573,1,0,9 1 26,0,100,,2574,1,0,9 1 26,0,100,,2569,1,0,9 1 26,0
3500,'75',710,,2575,12,4,,0,20,,2584,12,4,,0,20,,2576,12,4,,0,60,,2585,12,4,,0,20,,2577,12,4,,0,700,,2578,12,4,,0,20,,2586,12,4,,0,60,,2579,12,4,,0,20,,2582,12,4,,0,20,,2580,12,4,,0,60,,2583,12,4,,0,20,,2581,12,4,,0
3501,'75',635,,2587,1,0,27 28,0,20,,2594,1,0,27 28,0,60,,2588,1,0,27 28,0,20,,2595,1,0,27 28,0,20,,2589,1,0,27 28,0,60,,2596,1,0,27 28,0,20,,2590,1,0,27 28,0,700,,2591,1,0,27 28,0,20,,2598,1,0,27 28,0,60,,2592,1,0,27 28,0,20,,2597,1,0,27 28,0,20,,2593,1,0,27 28,0
5200,'75',635,,2601,1,,,0,105,,2601,27,4,,0,5,,2602,1,,,0,105,,2602,27,4,,0,755,,2599,1,,,0,105,,2599,27,4,,0,5,,2600,1,,,0,105,,2600,27,4,,0
