300,'73',646,,1956,37,,,0,70,,1935,37,,,0,30,,1949,37,,,0,70,,1957,37,,,0,30,,1936,37,,,0,70,,1950,37,,,0,30,,1958,37,,,0,70,,1937,37,,,0,30,,1951,37,,,0,70,,1966,37,,,0,30,,1938,37,,,0,70,,1947,37,,,0,30,,1960,37,,,0,70,,1939,37,,,0,30,,1948,37,,,0,70,,1965,37,,,0,30,,1940,37,,,0,70,,1953,37,,,0,30,,1959,37,,,0,70,,1941,37,,,0,30,,1954,37,,,0,70,,1961,37,,,0,30,,1942,37,,,0,70,,1952,37,,,0,30,,1962,37,,,0,70,,1943,37,,,0,30,,1955,37,,,0,70,,1963,37,,,0,30,,1944,37,,,0,70,,1946,37,,,0,30,,1964,37,,,0,70,,1945,37,,,0
300,'74',746,,1981,37,,,0,70,,1989,37,,,0,30,,1969,37,,,0,70,,1974,37,,,0,30,,1985,37,,,0,70,,1968,37,,,0,30,,1975,37,,,0,70,,1983,37,,,0,30,,1970,37,,,0,70,,1976,37,,,0,30,,1984,37,,,0,70,,1971,37,,,0,30,,1977,37,,,0,70,,1987,37,,,0,30,,1972,37,,,0,70,,1978,37,,,0,30,,1988,37,,,0,70,,1973,37,,,0,30,,1979,37,,,0,70,,1982,37,,,0,30,,1967,37,,,0,70,,1980,37,,,0
300,'75',616,,2011,37,,,0,30,,2024,37,,,0,70,,1998,37,,,0,30,,2012,37,,,0,70,,2019,37,,,0,30,,1995,37,,,0,70,,2007,37,,,0,30,,2014,37,,,0,70,,1996,37,,,0,30,,2001,37,,,0,70,,2020,37,,,0,30,,1997,37,,,0,70,,2008,37,,,0,30,,2015,37,,,0,70,,1990,37,,,0,30,,2002,37,,,0,70,,2016,37,,,0,30,,1991,37,,,0,70,,2003,37,,,0,30,,2017,37,,,0,70,,1992,37,,,0,30,,2004,37,,,0,70,,2018,37,,,0,30,,1993,37,,,0,70,,2009,37,,,0,30,,2013,37,,,0,70,,1994,37,,,0,30,,2006,37,,,0,70,,2022,37,,,0,30,,1999,37,,,0,70,,2010,37,,,0,30,,2023,37,,,0,70,,2000,37,,,0,30,,2005,37,,,0,70,,2021,37,,,0
900,'75',630,,2116,37,,,0,70,,2132,37,,,0,30,,2138,37,,,0,70,,2117,37,,,0,30,,2125,37,,,0,70,,2133,37,,,0,30,,2118,37,,,0,70,,2126,37,,,0,30,,2134,37,,,0,70,,2119,37,,,0,30,,2127,37,,,0,70,,2135,37,,,0,30,,2120,37,,,0,70,,2128,37,,,0,30,,2136,37,,,0,70,,2121,37,,,0,30,,2129,37,,,0,70,,2137,37,,,0,30,,2122,37,,,0,70,,2130,37,,,0,30,,2139,37,,,0,70,,2123,37,,,0,30,,2131,37,,,0,70,,2140,37,,,0,30,,2124,37,,,0
2000,'73',750,,2318,2,,,0,100,,2312,2,,,0,100,,2313,2,,,0,100,,2310,2,,,0,100,,2314,2,,,0,100,,2311,2,,,0,100,,2315,2,,,0,100,,2316,2,,,0,100,,2317,2,,,0,100,,2327,2,,,0
2000,'75',650,,2329,2,,,0,100,,2330,2,,,0,100,,2328,2,,,0,100,,2333,2,,,0,100,,2335,2,,,0,100,,2336,2,,,0,100,,2334,2,,,0,100,,2338,2,,,0,100,,2352,2,,,0,100,,2331,2,,,0,100,,2332,2,,,0,100,,2337,2,,,0
2300,'73',800,,2397,7,,,0,100,,2398,7,,,0,100,,2399,7,,,0,100,,2400,7,,,0,100,,2401,7,,,0,100,,2393,7,,,0,100,,2394,7,,,0,100,,2395,7,,,0,100,,2396,7,,,0,100,,2392,7,,,0,101,,2391,7,,,0
2300,'75',630,,2417,7,,,0,70,,2403,7,,,0,30,,2418,7,,,0,70,,2404,7,,,0,30,,2425,7,,,0,70,,2405,7,,,0,30,,2419,7,,,0,70,,2406,7,,,0,30,,2420,7,,,0,70,,2407,7,,,0,30,,2421,7,,,0,70,,2408,7,,,0,30,,2426,7,,,0,70,,2409,7,,,0,30,,2427,7,,,0,70,,2410,7,,,0,30,,2428,7,,,0,70,,2411,7,,,0,30,,2422,7,,,0,70,,2412,7,,,0,30,,2423,7,,,0,70,,2413,7,,,0,30,,2424,7,,,0,70,,2414,7,,,0,100,,2415,7,,,0,100,,2416,7,,,0,101,,2402,7,,,0
2400,'73',730,,2436,2,,,0,100,,2437,2,,,0,100,,2438,2,,,0,100,,2439,2,,,0,100,,2434,2,,,0,100,,2435,2,,,0,100,,2429,2,,,0,100,,2430,2,,,0,100,,2431,2,,,0,100,,2432,2,,,0,100,,2433,2,,,0
2400,'75',630,,2440,2,,,0,100,,2441,2,,,0,100,,2442,2,,,0,100,,2443,2,,,0,100,,2444,2,,,0,100,,2445,2,,,0,100,,2446,2,,,0,100,,2447,2,,,0,100,,2448,2,,,0,100,,2449,2,,,0,100,,2450,2,,,0,100,,2451,2,,,0
