100,'73',656,,1743,31,,,0,70,,1754,31,,,0,31,,1761,34,,,0,70,,1735,34,,,0,30,,1752,34,,,0,70,,1762,34,,,0,30,,1736,34,,,0,70,,1753,34,,,0,30,,1757,34,,,0,70,,1737,34,,,0,30,,1744,34,,,0,70,,1758,34,,,0,30,,1738,34,,,0,70,,1745,34,,,0,30,,1759,34,,,0,70,,1739,34,,,0,30,,1746,34,,,0,70,,1755,34,,,0,30,,1733,34,,,0,70,,1747,34,,,0,30,,1756,34,,,0,70,,1734,34,,,0,30,,1748,34,,,0,70,,1760,34,,,0,30,,1740,34,,,0,70,,1749,34,,,0,30,,1763,34,,,0,70,,1741,34,,,0,30,,1750,34,,,0,70,,1764,34,,,0,30,,1742,34,,,0,70,,1751,34,,,0
100,'74',756,,1780,31,,,0,70,,1770,31,,,0,31,,1772,34,,,0,70,,1782,34,,,0,30,,1771,34,,,0,70,,1773,34,,,0,30,,1786,34,,,0,70,,1765,34,,,0,30,,1774,34,,,0,70,,1779,34,,,0,30,,1766,34,,,0,70,,1775,34,,,0,30,,1783,34,,,0,70,,1767,34,,,0,30,,1776,34,,,0,70,,1784,34,,,0,30,,1768,34,,,0,70,,1777,34,,,0,30,,1785,34,,,0,70,,1769,34,,,0,30,,1778,34,,,0,70,,1781,34,,,0
100,'75',626,,1813,31,,,0,30,,1797,31,,,0,55,,1826,31,,,0,16,,1803,34,,,0,15,,1828,34,,,0,15,,1819,34,,,0,55,,1821,34,,,0,15,,1787,34,,,0,15,,1824,34,,,0,15,,1798,34,,,0,55,,1829,34,,,0,15,,1820,34,,,0,30,,1791,34,,,0,70,,1799,34,,,0,30,,1812,34,,,0,70,,1792,34,,,0,30,,1804,34,,,0,70,,1810,34,,,0,30,,1793,34,,,0,70,,1805,34,,,0,30,,1809,34,,,0,70,,1794,34,,,0,30,,1806,34,,,0,54,,1832,31,,,0,16,,1815,34,,,0,14,,1823,31,,,0,16,,1795,34,,,0,54,,1827,31,,,0,16,,1807,34,,,0,15,,1830,34,,,0,15,,1816,34,,,0,55,,1822,34,,,0,15,,1796,34,,,0,15,,1825,34,,,0,15,,1800,34,,,0,55,,1831,34,,,0,15,,1817,34,,,0,30,,1788,34,,,0,70,,1801,34,,,0,30,,1818,34,,,0,70,,1789,34,,,0,30,,1802,34,,,0,70,,1811,34,,,0,30,,1790,34,,,0,70,,1808,34,,,0,30,,1814,34,,,0
300,'73',642,,1956,33,,,0,70,,1935,33,,,0,30,,1949,33,,,0,70,,1957,33,,,0,30,,1936,33,,,0,70,,1950,33,,,0,30,,1958,33,,,0,70,,1937,33,,,0,30,,1951,33,,,0,70,,1966,33,,,0,30,,1938,33,,,0,70,,1947,33,,,0,30,,1960,33,,,0,70,,1939,33,,,0,30,,1948,33,,,0,70,,1965,33,,,0,30,,1940,33,,,0,70,,1953,33,,,0,30,,1959,33,,,0,70,,1941,33,,,0,30,,1954,33,,,0,70,,1961,33,,,0,30,,1942,33,,,0,70,,1952,33,,,0,30,,1962,33,,,0,70,,1943,33,,,0,30,,1955,33,,,0,70,,1963,33,,,0,30,,1944,33,,,0,70,,1946,33,,,0,30,,1964,33,,,0,70,,1945,33,,,0
300,'74',742,,1981,33,,,0,70,,1989,33,,,0,30,,1969,33,,,0,70,,1974,33,,,0,30,,1985,33,,,0,70,,1968,33,,,0,30,,1975,33,,,0,70,,1983,33,,,0,30,,1970,33,,,0,70,,1976,33,,,0,30,,1984,33,,,0,70,,1971,33,,,0,30,,1977,33,,,0,70,,1987,33,,,0,30,,1972,33,,,0,70,,1978,33,,,0,30,,1988,33,,,0,70,,1973,33,,,0,30,,1979,33,,,0,70,,1982,33,,,0,30,,1967,33,,,0,70,,1980,33,,,0
300,'75',612,,2011,33,,,0,30,,2024,33,,,0,70,,1998,33,,,0,30,,2012,33,,,0,70,,2019,33,,,0,30,,1995,33,,,0,70,,2007,33,,,0,30,,2014,33,,,0,70,,1996,33,,,0,30,,2001,33,,,0,70,,2020,33,,,0,30,,1997,33,,,0,70,,2008,33,,,0,30,,2015,33,,,0,70,,1990,33,,,0,30,,2002,33,,,0,70,,2016,33,,,0,30,,1991,33,,,0,70,,2003,33,,,0,30,,2017,33,,,0,70,,1992,33,,,0,30,,2004,33,,,0,70,,2018,33,,,0,30,,1993,33,,,0,70,,2009,33,,,0,30,,2013,33,,,0,70,,1994,33,,,0,30,,2006,33,,,0,70,,2022,33,,,0,30,,1999,33,,,0,70,,2010,33,,,0,30,,2023,33,,,0,70,,2000,33,,,0,30,,2005,33,,,0,70,,2021,33,,,0
900,'75',625,,2116,33,,,0,30,,2132,33,,,0,70,,2138,33,,,0,30,,2117,33,,,0,70,,2125,33,,,0,30,,2133,33,,,0,70,,2118,33,,,0,30,,2126,33,,,0,70,,2134,33,,,0,30,,2119,33,,,0,70,,2127,33,,,0,30,,2135,33,,,0,70,,2120,33,,,0,30,,2128,33,,,0,70,,2136,33,,,0,30,,2121,33,,,0,70,,2129,33,,,0,30,,2137,33,,,0,70,,2122,33,,,0,30,,2130,33,,,0,70,,2139,33,,,0,30,,2123,33,,,0,70,,2131,33,,,0,30,,2140,33,,,0,70,,2124,33,,,0
1500,'73',721,,2188,3,,,0,100,,2189,3,,,0,100,,2186,3,,,0,100,,2187,3,,,0,30,,2185,3,,,0,70,,2190,3,,,0,30,,2178,3,,,0,70,,2191,3,,,0,30,,2179,3,,,0,70,,2192,3,,,0,30,,2180,3,,,0,70,,2193,3,,,0,30,,2181,3,,,0,70,,2194,3,,,0,30,,2182,3,,,0,70,,2195,3,,,0,30,,2183,3,,,0,70,,2196,3,,,0,30,,2184,3,,,0,70,,2197,3,,,0,100,,2198,3,,,0,100,,2199,3,,,0,100,,2200,3,,,0,100,,2201,3,,,0
1500,'74',821,,2204,3,,,0,100,,2205,3,,,0,100,,2206,3,,,0,100,,2207,3,,,0,100,,2208,3,,,0,100,,2209,3,,,0,100,,2210,3,,,0,100,,2211,3,,,0,100,,2212,3,,,0,100,,2203,3,,,0,99,,2202,3,,,0
1500,'75',621,,2230,3,,,0,30,,2213,3,,,0,70,,2231,3,,,0,30,,2214,3,,,0,70,,2226,3,,,0,30,,2215,3,,,0,70,,2227,3,,,0,30,,2216,3,,,0,70,,2228,3,,,0,30,,2217,3,,,0,70,,2229,3,,,0,30,,2218,3,,,0,70,,2232,3,,,0,30,,2219,3,,,0,70,,2233,3,,,0,30,,2237,3,,,0,70,,2234,3,,,0,30,,2238,3,,,0,70,,2235,3,,,0,30,,2239,3,,,0,70,,2236,3,,,0,30,,2240,3,,,0,70,,2220,3,,,0,30,,2241,3,,,0,70,,2221,3,,,0,100,,2222,3,,,0,100,,2223,3,,,0,100,,2224,3,,,0,100,,2225,3,,,0
2300,'73',755,,2397,3,,,0,100,,2398,3,,,0,100,,2399,3,,,0,100,,2400,3,,,0,100,,2401,3,,,0,100,,2393,3,,,0,100,,2394,3,,,0,100,,2395,3,,,0,100,,2396,3,,,0,100,,2392,3,,,0,101,,2391,3,,,0
2300,'75',625,,2417,3,,,0,30,,2403,3,,,0,70,,2418,3,,,0,30,,2404,3,,,0,70,,2425,3,,,0,30,,2405,3,,,0,70,,2419,3,,,0,30,,2406,3,,,0,70,,2420,3,,,0,30,,2407,3,,,0,70,,2421,3,,,0,30,,2408,3,,,0,70,,2426,3,,,0,30,,2409,3,,,0,70,,2427,3,,,0,30,,2410,3,,,0,70,,2428,3,,,0,30,,2411,3,,,0,70,,2422,3,,,0,30,,2412,3,,,0,70,,2423,3,,,0,30,,2413,3,,,0,70,,2424,3,,,0,30,,2414,3,,,0,100,,2415,3,,,0,100,,2416,3,,,0,101,,2402,3,,,0
