100,231,1,0,0
100,232,2,0,0
100,233,3,0,0
100,1,4,0,0
100,155,5,0,0
100,156,6,0,0
100,157,7,0,0
100,158,8,0,0
100,159,9,0,0
100,160,10,0,0
100,161,11,0,0
100,162,12,0,0
100,164,13,0,0
100,165,14,0,0
100,166,15,0,0
100,167,16,0,0
100,168,17,0,0
100,169,18,0,0
100,170,19,0,0
100,171,20,0,0
100,172,21,0,0
100,173,22,0,0
100,174,23,0,0
100,175,24,0,0
100,176,25,0,0
100,177,26,0,0
100,111,27,0,0
100,178,28,0,0
100,153,29,0,0
100,154,30,0,0
100,113,31,0,0
100,91,32,0,0
100,114,33,0,0
100,115,34,0,0
100,116,35,0,0
100,117,36,0,0
100,118,37,0,0
100,179,38,0,0
100,180,39,0,0
100,181,40,0,0
100,182,41,0,0
100,183,42,0,0
100,184,43,0,0
100,185,44,0,0
100,186,45,0,0
100,187,46,0,0
100,188,47,0,0
100,189,48,0,0
100,11098,49,0,0
100,191,50,0,0
100,192,51,1,1
101,192,1,0,0
101,193,2,0,0
101,194,3,0,0
101,195,4,0,0
101,196,5,0,0
101,197,6,0,0
101,198,7,0,0
101,199,8,0,0
101,200,9,0,0
101,201,10,0,0
101,202,11,0,0
101,203,12,0,0
101,142,13,0,0
101,143,14,0,0
101,144,15,0,0
101,145,16,0,0
101,146,17,0,0
101,147,18,0,0
101,92,19,0,0
101,148,20,0,0
101,109,21,0,0
101,204,22,0,0
101,151,23,0,0
101,205,24,0,0
101,206,25,0,0
101,207,26,0,0
101,208,27,0,0
101,209,28,0,0
101,210,29,0,0
101,211,30,0,0
101,212,31,0,0
101,213,32,0,0
101,214,33,0,0
101,215,34,0,0
101,216,35,0,0
101,217,36,0,0
101,218,37,0,0
101,220,38,0,0
101,221,39,0,0
101,222,40,0,0
101,223,41,0,0
101,224,42,0,0
101,225,43,0,0
101,226,44,0,0
101,1,45,0,0
101,155,46,0,0
101,227,47,0,0
101,228,48,0,0
101,229,49,0,0
101,230,50,0,0
101,231,51,1,1
300,1,1,0,0
300,155,2,0,0
300,156,3,0,0
300,157,4,0,0
300,343,5,0,0
300,344,6,0,0
300,346,7,0,0
300,347,8,0,0
300,348,9,0,0
300,349,10,0,0
300,350,11,0,0
300,351,12,0,0
300,352,13,0,0
300,353,14,0,0
300,354,15,0,0
300,355,16,0,0
300,356,17,0,0
300,357,18,0,0
300,11507,19,0,0
300,358,20,0,0
300,359,21,0,0
300,360,22,0,0
300,361,23,0,0
300,362,24,0,0
300,363,25,0,0
300,364,26,0,0
300,366,27,0,0
300,301,28,0,0
300,302,29,0,0
300,113,30,0,0
300,91,31,0,0
300,114,32,0,0
300,115,33,0,0
300,116,34,0,0
300,117,35,0,0
300,118,36,0,0
300,119,37,0,0
300,120,38,0,0
300,367,39,0,0
300,368,40,0,0
300,369,41,0,0
300,370,42,0,0
300,371,43,0,0
300,372,44,0,0
300,373,45,0,0
300,374,46,0,0
300,375,47,0,0
300,376,48,0,0
300,11505,49,0,0
300,377,50,0,0
300,378,51,0,0
300,379,52,0,0
300,380,53,0,0
300,381,54,0,0
300,382,55,0,0
300,303,56,1,1
301,303,1,0,0
301,304,2,0,0
301,305,3,0,0
301,306,4,0,0
301,307,5,0,0
301,308,6,0,0
301,309,7,0,0
301,310,8,0,0
301,311,9,0,0
301,312,10,0,0
301,313,11,0,0
301,314,12,0,0
301,315,13,0,0
301,316,14,0,0
301,317,15,0,0
301,139,16,0,0
301,140,17,0,0
301,141,18,0,0
301,319,19,0,0
301,142,20,0,0
301,143,21,0,0
301,144,22,0,0
301,145,23,0,0
301,146,24,0,0
301,147,25,0,0
301,92,26,0,0
301,148,27,0,0
301,287,28,0,0
301,288,29,0,0
301,320,30,0,0
301,321,31,0,0
301,322,32,0,0
301,323,33,0,0
301,324,34,0,0
301,325,35,0,0
301,326,36,0,0
301,327,37,0,0
301,328,38,0,0
301,11508,39,0,0
301,329,40,0,0
301,330,41,0,0
301,331,42,0,0
301,332,43,0,0
301,333,44,0,0
301,334,45,0,0
301,335,46,0,0
301,336,47,0,0
301,337,48,0,0
301,338,49,0,0
301,339,50,0,0
301,341,51,0,0
301,342,52,0,0
301,225,53,0,0
301,226,54,0,0
301,1,55,1,1
900,1,1,0,0
900,155,2,0,0
900,156,3,0,0
900,157,4,0,0
900,343,5,0,0
900,344,6,0,0
900,346,7,0,0
900,347,8,0,0
900,348,9,0,0
900,349,10,0,0
900,350,11,0,0
900,351,12,0,0
900,352,13,0,0
900,353,14,0,0
900,354,15,0,0
900,355,16,0,0
900,356,17,0,0
900,357,18,0,0
900,11507,19,0,0
900,358,20,0,0
900,359,21,0,0
900,360,22,0,0
900,361,23,0,0
900,362,24,0,0
900,363,25,0,0
900,364,26,0,0
900,366,27,0,0
900,301,28,0,0
900,302,29,0,0
900,113,30,0,0
900,91,31,0,0
900,114,32,0,0
900,115,33,0,0
900,116,34,0,0
900,117,35,0,0
900,118,36,0,0
900,119,37,0,0
900,120,38,0,0
900,367,39,0,0
900,383,40,0,0
900,384,41,0,0
900,385,42,0,0
900,386,43,0,0
900,387,44,0,0
900,388,45,0,0
900,376,46,0,0
900,377,47,0,0
900,378,48,0,0
900,379,49,0,0
900,380,50,0,0
900,381,51,0,0
900,382,52,0,0
900,303,53,1,1
901,303,1,0,0
901,304,2,0,0
901,305,3,0,0
901,306,4,0,0
901,307,5,0,0
901,308,6,0,0
901,309,7,0,0
901,310,8,0,0
901,390,9,0,0
901,391,10,0,0
901,392,11,0,0
901,136,12,0,0
901,137,13,0,0
901,138,14,0,0
901,139,15,0,0
901,140,16,0,0
901,141,17,0,0
901,319,18,0,0
901,142,19,0,0
901,143,20,0,0
901,144,21,0,0
901,145,22,0,0
901,146,23,0,0
901,147,24,0,0
901,92,25,0,0
901,148,26,0,0
901,287,27,0,0
901,288,28,0,0
901,320,29,0,0
901,321,30,0,0
901,322,31,0,0
901,323,32,0,0
901,324,33,0,0
901,325,34,0,0
901,326,35,0,0
901,327,36,0,0
901,328,37,0,0
901,11508,38,0,0
901,329,39,0,0
901,330,40,0,0
901,331,41,0,0
901,332,42,0,0
901,333,43,0,0
901,334,44,0,0
901,335,45,0,0
901,336,46,0,0
901,337,47,0,0
901,338,48,0,0
901,339,49,0,0
901,341,50,0,0
901,342,51,0,0
901,225,52,0,0
901,226,53,0,0
901,1,54,1,1
1200,192,1,0,0
1200,280,2,0,0
1200,281,3,0,0
1200,282,4,0,0
1200,495,5,0,0
1200,496,6,0,0
1200,497,7,0,0
1200,498,8,0,0
1200,499,9,0,0
1200,11519,10,0,0
1200,500,11,0,0
1200,501,12,0,0
1200,502,13,0,0
1200,503,14,0,0
1200,504,15,0,0
1200,505,16,0,0
1200,506,17,0,0
1200,507,18,0,0
1200,508,19,0,0
1200,509,20,0,0
1200,510,21,0,0
1200,511,22,0,0
1200,512,23,0,0
1200,513,24,0,0
1200,514,25,0,0
1200,515,26,0,0
1200,516,27,0,0
1200,517,28,0,0
1200,518,29,0,0
1200,519,30,0,0
1200,520,31,0,0
1200,521,32,0,0
1200,522,33,0,0
1200,523,34,0,0
1200,524,35,0,0
1200,525,36,0,0
1200,526,37,0,0
1200,527,38,1,1
1201,527,1,0,0
1201,528,2,0,0
1201,529,3,0,0
1201,11530,4,0,0
1201,530,5,0,0
1201,531,6,0,0
1201,532,7,0,0
1201,533,8,0,0
1201,534,9,0,0
1201,535,10,0,0
1201,536,11,0,0
1201,537,12,0,0
1201,538,13,0,0
1201,539,14,0,0
1201,540,15,0,0
1201,541,16,0,0
1201,542,17,0,0
1201,543,18,0,0
1201,544,19,0,0
1201,545,20,0,0
1201,546,21,0,0
1201,547,22,0,0
1201,548,23,0,0
1201,549,24,0,0
1201,550,25,0,0
1201,551,26,0,0
1201,552,27,0,0
1201,553,28,0,0
1201,11518,29,0,0
1201,554,30,0,0
1201,555,31,0,0
1201,556,32,0,0
1201,557,33,0,0
1201,558,34,0,0
1201,284,35,0,0
1201,285,36,0,0
1201,286,37,0,0
1201,192,38,1,1
1500,91,1,0,0
1500,114,2,0,0
1500,115,3,0,0
1500,116,4,0,0
1500,117,5,0,0
1500,118,6,0,0
1500,257,7,0,0
1500,258,8,0,0
1500,11520,9,0,0
1500,259,10,0,0
1500,260,11,0,0
1500,261,12,0,0
1500,11522,13,0,0
1500,262,14,0,0
1500,263,15,0,0
1500,264,16,0,0
1500,265,17,0,0
1500,266,18,0,0
1500,267,19,0,0
1500,268,20,0,0
1500,269,21,0,0
1500,270,22,0,0
1500,271,23,0,0
1500,272,24,0,0
1500,273,25,0,0
1500,274,26,0,0
1500,275,27,0,0
1500,276,28,0,0
1500,277,29,0,0
1500,278,30,0,0
1500,279,31,0,0
1500,192,32,0,0
1500,280,33,0,0
1500,281,34,0,0
1500,282,35,0,0
1500,11503,36,0,0
1500,283,37,1,1
1501,283,1,0,0
1501,284,2,0,0
1501,285,3,0,0
1501,286,4,0,0
1501,192,5,0,0
1501,234,6,0,0
1501,235,7,0,0
1501,236,8,0,0
1501,237,9,0,0
1501,238,10,0,0
1501,239,11,0,0
1501,240,12,0,0
1501,241,13,0,0
1501,242,14,0,0
1501,243,15,0,0
1501,244,16,0,0
1501,245,17,0,0
1501,246,18,0,0
1501,247,19,0,0
1501,248,20,0,0
1501,249,21,0,0
1501,250,22,0,0
1501,251,23,0,0
1501,252,24,0,0
1501,253,25,0,0
1501,254,26,0,0
1501,11521,27,0,0
1501,11504,28,0,0
1501,255,29,0,0
1501,256,30,0,0
1501,142,31,0,0
1501,143,32,0,0
1501,144,33,0,0
1501,145,34,0,0
1501,146,35,0,0
1501,147,36,0,0
1501,92,37,1,1
2000,573,1,0,0
2000,119,2,0,0
2000,586,3,0,0
2000,121,4,0,0
2000,122,5,0,0
2000,123,6,0,0
2000,587,7,0,0
2000,588,8,0,0
2000,589,9,0,0
2000,590,10,0,0
2000,591,11,0,0
2000,592,12,0,0
2000,593,13,0,0
2000,594,14,0,0
2000,595,15,0,0
2000,596,16,0,0
2000,597,17,0,0
2000,598,18,0,0
2000,599,19,0,0
2000,600,20,0,0
2000,601,21,0,0
2000,602,22,0,0
2000,603,23,0,0
2000,604,24,0,0
2000,560,25,0,0
2000,561,26,0,0
2000,11502,27,0,0
2000,436,28,0,0
2000,437,29,0,0
2000,438,30,0,0
2000,301,31,0,0
2000,302,32,0,0
2000,113,33,0,0
2000,91,34,0,0
2000,92,35,0,0
2000,148,36,0,0
2000,109,37,0,0
2000,423,38,0,0
2000,424,39,0,0
2000,559,40,0,0
2000,562,43,0,0
2000,563,44,0,0
2000,564,45,0,0
2000,565,46,0,0
2000,566,47,0,0
2000,567,48,0,0
2000,568,49,0,0
2000,569,50,0,0
2000,570,51,0,0
2000,571,52,0,0
2000,572,53,0,0
2000,142,55,1,1
2100,91,1,0,0
2100,3025,2,0,0
2100,93,3,0,0
2100,94,4,0,0
2100,95,5,0,0
2100,96,6,0,0
2100,97,7,0,0
2100,98,8,0,0
2100,99,9,0,0
2100,100,10,0,0
2100,102,11,0,0
2100,103,12,0,0
2100,104,13,0,0
2100,105,14,0,0
2100,106,15,0,0
2100,107,16,0,0
2100,108,17,0,0
2100,109,18,0,0
2100,110,19,0,0
2100,11533,20,0,0
2100,111,21,0,0
2100,11506,22,0,0
2100,11531,23,0,0
2100,113,24,0,0
2300,91,1,0,0
2300,114,2,0,0
2300,115,3,0,0
2300,116,4,0,0
2300,117,5,0,0
2300,118,6,0,0
2300,119,7,0,0
2300,120,8,0,0
2300,11534,9,0,0
2300,122,10,0,0
2300,123,11,0,0
2300,124,12,0,0
2300,125,13,0,0
2300,127,14,0,0
2300,128,15,0,0
2300,130,16,0,0
2300,131,17,0,0
2300,132,18,0,0
2300,133,19,0,0
2300,135,20,0,0
2300,136,21,0,0
2300,137,22,0,0
2300,138,23,0,0
2300,139,24,0,0
2300,140,25,0,0
2300,141,26,0,0
2300,319,27,0,0
2300,142,28,0,0
2300,143,29,0,0
2300,144,30,0,0
2300,145,31,0,0
2300,146,32,0,0
2300,147,33,0,0
2300,92,34,0,0
2300,148,35,0,0
2300,149,36,0,0
2300,112,37,0,0
2300,151,38,0,0
2300,11532,39,0,0
2300,152,40,0,0
2300,153,41,0,0
2300,154,42,0,0
2300,113,43,0,0
2400,573,1,0,0
2400,119,2,0,0
2400,120,3,0,0
2400,367,4,0,0
2400,368,5,0,0
2400,369,6,0,0
2400,370,7,0,0
2400,371,8,0,0
2400,372,9,0,0
2400,574,10,0,0
2400,575,11,0,0
2400,576,12,0,0
2400,577,13,0,0
2400,578,14,0,0
2400,579,15,0,0
2400,580,16,0,0
2400,581,17,0,0
2400,582,18,0,0
2400,583,19,0,0
2400,584,20,0,0
2400,585,21,0,0
2400,318,22,0,0
2400,139,23,0,0
2400,140,24,0,0
2400,141,25,0,0
2400,319,26,0,0
2400,142,27,1,1
3000,1,1,0,0
3000,31,2,0,0
3000,32,3,0,0
3000,33,4,0,0
3000,34,5,0,0
3000,35,6,0,0
3000,36,7,0,0
3000,37,8,0,0
3000,39,9,0,0
3000,40,10,0,0
3000,41,11,0,0
3000,42,12,0,0
3000,61,13,0,0
3000,43,14,0,0
3000,45,15,0,0
3000,46,16,0,0
3000,47,17,0,0
3000,48,18,0,0
3000,49,19,0,0
3000,50,20,0,0
3000,51,21,0,0
3000,52,22,0,0
3000,53,23,0,0
3000,54,24,0,0
3000,55,25,0,0
3000,56,26,0,0
3000,57,27,0,0
3000,58,28,0,0
3000,59,29,0,0
3000,74,30,0,0
3000,75,31,0,0
3000,76,32,0,0
3000,77,33,0,0
3000,78,34,0,0
3000,79,35,0,0
3000,80,36,0,0
3000,81,37,0,0
3000,82,38,0,0
3000,83,39,0,0
3000,84,40,0,0
3000,85,41,0,0
3000,86,42,0,0
3000,87,43,0,0
3000,88,44,0,0
3000,90,45,0,0
3000,60,46,0,0
3000,62,47,0,0
3000,63,48,0,0
3000,64,49,0,0
3000,65,50,0,0
3000,66,51,0,0
3000,67,52,0,0
3000,68,53,0,0
3000,69,54,0,0
3000,70,55,0,0
3000,71,56,0,0
3000,72,57,0,0
3100,1,1,0,0
3100,2,2,0,0
3100,3,3,0,0
3100,4,4,0,0
3100,5,5,0,0
3100,6,6,0,0
3100,8,7,0,0
3100,9,8,0,0
3100,10,9,0,0
3100,11,10,0,0
3100,12,11,0,0
3100,13,12,0,0
3100,14,13,0,0
3100,15,14,0,0
3100,16,15,0,0
3100,17,16,0,0
3100,18,17,0,0
3100,19,18,0,0
3100,20,19,0,0
3100,21,20,0,0
3100,23,21,0,0
3100,24,22,0,0
3100,25,23,0,0
3100,26,24,0,0
3100,7,25,0,0
3100,27,26,0,0
3100,28,27,0,0
3100,29,28,0,0
3100,30,29,0,0
3100,232,30,0,0
3100,233,31,0,0
3200,472,1,0,0
3200,473,2,0,0
3200,474,3,0,0
3200,475,4,0,0
3200,476,5,0,0
3200,477,6,0,0
3200,11509,7,0,0
3200,478,8,0,0
3200,479,9,0,0
3200,480,10,0,0
3200,481,11,0,0
3200,461,12,0,0
3200,459,13,0,0
3200,482,14,0,0
3200,483,15,0,0
3200,484,16,0,0
3200,485,17,0,0
3200,486,18,0,0
3200,11516,19,0,0
3200,412,20,0,0
3200,413,21,0,0
3200,414,22,0,0
3200,415,23,0,0
3200,416,24,0,0
3200,90,25,0,0
3200,487,26,0,0
3200,488,27,0,0
3200,489,28,0,0
3200,490,29,0,0
3200,491,30,0,0
3200,492,31,0,0
3200,493,32,0,0
3200,29,33,0,0
3200,30,34,0,0
3200,232,35,0,0
3200,233,36,0,0
3200,494,37,0,0
3200,1,38,1,1
3201,1,1,0,0
3201,2,2,0,0
3201,3,3,0,0
3201,4,4,0,0
3201,447,5,0,0
3201,448,6,0,0
3201,449,7,0,0
3201,450,8,0,0
3201,451,9,0,0
3201,452,10,0,0
3201,43,11,0,0
3201,44,12,0,0
3201,398,13,0,0
3201,399,14,0,0
3201,400,15,0,0
3201,401,16,0,0
3201,11517,17,0,0
3201,453,18,0,0
3201,454,19,0,0
3201,455,20,0,0
3201,456,21,0,0
3201,457,22,0,0
3201,458,23,0,0
3201,460,24,0,0
3201,462,25,0,0
3201,463,26,0,0
3201,464,27,0,0
3201,465,28,0,0
3201,466,29,0,0
3201,467,30,0,0
3201,468,31,0,0
3201,469,32,0,0
3201,470,33,0,0
3201,471,34,0,0
3201,472,35,1,1
3300,408,1,0,0
3300,409,2,0,0
3300,410,3,0,0
3300,411,4,0,0
3300,412,5,0,0
3300,413,6,0,0
3300,414,7,0,0
3300,415,8,0,0
3300,416,9,0,0
3300,45,10,0,0
3300,46,11,0,0
3300,47,12,0,0
3300,48,13,0,0
3300,49,14,0,0
3300,50,15,0,0
3300,51,16,0,0
3300,52,17,0,0
3300,53,18,0,0
3300,54,19,0,0
3300,55,20,0,0
3300,56,21,0,0
3300,57,22,0,0
3300,58,23,0,0
3300,59,24,0,0
3300,60,25,0,0
3300,62,26,0,0
3300,417,27,0,0
3300,419,28,0,0
3300,328,29,0,0
3300,11508,30,0,0
3300,329,31,0,0
3300,330,32,0,0
3300,420,33,0,0
3300,421,34,0,0
3300,422,35,0,0
3300,301,36,0,0
3300,302,37,0,0
3300,113,38,0,0
3300,91,39,1,1
3301,91,1,0,0
3301,92,2,0,0
3301,148,3,0,0
3301,287,4,0,0
3301,288,5,0,0
3301,320,6,0,0
3301,393,7,0,0
3301,394,8,0,0
3301,355,9,0,0
3301,356,10,0,0
3301,357,11,0,0
3301,11507,12,0,0
3301,395,13,0,0
3301,397,14,0,0
3301,42,15,0,0
3301,61,16,0,0
3301,74,17,0,0
3301,75,18,0,0
3301,76,19,0,0
3301,77,20,0,0
3301,78,21,0,0
3301,79,22,0,0
3301,80,23,0,0
3301,81,24,0,0
3301,82,25,0,0
3301,83,26,0,0
3301,84,27,0,0
3301,85,28,0,0
3301,86,29,0,0
3301,87,30,0,0
3301,88,31,0,0
3301,44,32,0,0
3301,398,33,0,0
3301,399,34,0,0
3301,400,35,0,0
3301,401,36,0,0
3301,402,37,0,0
3301,403,38,0,0
3301,404,39,0,0
3301,405,40,0,0
3301,406,41,0,0
3301,407,42,0,0
3301,408,43,1,1
3500,53,1,0,0
3500,295,2,0,0
3500,296,3,0,0
3500,297,4,0,0
3500,298,5,0,0
3500,11511,6,0,0
3500,299,7,0,0
3500,300,8,0,0
3500,301,9,0,0
3500,302,10,0,0
3500,113,11,0,0
3500,91,12,1,1
3501,91,1,0,0
3501,92,2,0,0
3501,148,3,0,0
3501,287,4,0,0
3501,288,5,0,0
3501,289,6,0,0
3501,290,7,0,0
3501,11510,8,0,0
3501,291,9,0,0
3501,292,10,0,0
3501,293,11,0,0
3501,294,12,0,0
3501,80,13,1,1
5200,91,1,0,0
5200,92,2,0,0
5200,148,3,0,0
5200,287,4,0,0
5200,288,5,0,0
5200,423,6,0,0
5200,424,7,0,0
5200,11513,8,0,0
5200,439,9,0,0
5200,11515,10,0,0
5200,440,11,0,0
5200,441,12,0,0
5200,442,13,0,0
5200,443,14,0,0
5200,444,15,0,0
5200,445,16,0,0
5200,446,17,0,0
5200,426,18,0,0
5200,425,19,0,0
5200,427,20,0,0
5200,428,21,0,0
5200,429,22,0,0
5200,430,23,0,0
5200,431,24,0,0
5200,432,25,0,0
5200,433,26,0,0
5200,11514,27,0,0
5200,434,28,0,0
5200,11512,29,0,0
5200,435,30,0,0
5200,436,31,0,0
5200,437,32,0,0
5200,438,33,0,0
5200,301,34,0,0
5200,302,35,0,0
5200,113,36,0,0
