101,'73',706,,1861,20,,,0,30,,1835,20,,,0,70,,1850,20,,,0,30,,1862,20,,,0,70,,1836,20,,,0,30,,1851,20,,,0,70,,1863,20,,,0,30,,1837,20,,,0,70,,1852,20,,,0,30,,1860,20,,,0,70,,1838,20,,,0,30,,1844,20,,,0,70,,1864,20,,,0,30,,1839,20,,,0,70,,1845,20,,,0,30,,1854,20,,,0,70,,1833,20,,,0,30,,1846,20,,,0,70,,1855,20,,,0,30,,1840,20,,,0,70,,1847,20,,,0,30,,1857,20,,,0,70,,1841,20,,,0,30,,1848,20,,,0,70,,1858,20,,,0,30,,1842,20,,,0,70,,1853,20,,,0,30,,1859,20,,,0,70,,1843,20,,,0,30,,1849,20,,,0,70,,1856,20,,,0,30,,1834,20,,,0
101,'74',806,,1873,20,,,0,30,,1883,20,,,0,70,,1867,20,,,0,30,,1874,20,,,0,70,,1882,20,,,0,30,,1868,20,,,0,70,,1875,20,,,0,30,,1880,20,,,0,70,,1869,20,,,0,30,,1876,20,,,0,70,,1881,20,,,0,30,,1866,20,,,0,70,,1877,20,,,0,30,,1885,20,,,0,70,,1870,20,,,0,30,,1878,20,,,0,70,,1886,20,,,0,30,,1871,20,,,0,70,,1879,20,,,0,30,,1884,20,,,0,70,,1865,20,,,0,30,,1872,20,,,0
101,'75',636,,1904,20,,,0,15,,1933,20,,,0,55,,1919,20,,,0,15,,1924,20,,,0,15,,1893,20,,,0,15,,1927,20,,,0,55,,1905,20,,,0,15,,1934,20,,,0,15,,1920,20,,,0,15,,1922,20,,,0,55,,1892,20,,,0,15,,1928,20,,,0,15,,1906,20,,,0,15,,1931,20,,,0,55,,1911,20,,,0,30,,1894,20,,,0,70,,1907,20,,,0,30,,1912,20,,,0,70,,1895,20,,,0,30,,1908,20,,,0,70,,1913,20,,,0,30,,1896,20,,,0,70,,1909,20,,,0,30,,1914,20,,,0,70,,1888,20,,,0,30,,1898,20,,,0,15,,1932,20,,,0,55,,1915,20,,,0,15,,1925,20,,,0,15,,1897,20,,,0,15,,1929,20,,,0,55,,1900,20,,,0,15,,1930,20,,,0,15,,1916,20,,,0,15,,1923,20,,,0,55,,1889,20,,,0,15,,1926,20,,,0,15,,1902,20,,,0,70,,1917,20,,,0,30,,1890,20,,,0,70,,1903,20,,,0,30,,1918,20,,,0,70,,1891,20,,,0,30,,1899,20,,,0,70,,1921,20,,,0,30,,1887,20,,,0,70,,1901,20,,,0,30,,1910,20,,,0
301,'73',720,,2053,27,0,30 31 19,0,30,,2032,27,0,30 31 19,0,70,,2036,27,0,30 31 19,0,30,,2054,27,0,30 31 19,0,70,,2025,27,0,30 31 19,0,30,,2037,27,0,30 31 19,0,70,,2055,27,0,30 31 19,0,30,,2026,27,0,30 31 19,0,70,,2038,27,0,30 31 19,0,30,,2056,27,0,30 31 19,0,70,,2027,27,0,30 31 19,0,30,,2042,27,0,30 31 19,0,70,,2046,27,0,30 31 19,0,30,,2028,27,0,30 31 19,0,70,,2043,27,0,30 31 19,0,30,,2047,27,0,30 31 19,0,70,,2029,27,0,30 31 19,0,30,,2044,27,0,30 31 19,0,70,,2048,27,0,30 31 19,0,30,,2030,27,0,30 31 19,0,70,,2045,27,0,30 31 19,0,30,,2049,27,0,30 31 19,0,70,,2031,27,0,30 31 19,0,30,,2039,27,0,30 31 19,0,70,,2050,27,0,30 31 19,0,30,,2033,27,0,30 31 19,0,70,,2040,27,0,30 31 19,0,30,,2051,27,0,30 31 19,0,70,,2034,27,0,30 31 19,0,30,,2041,27,0,30 31 19,0,70,,2052,27,0,30 31 19,0,30,,2035,27,0,30 31 19,0
301,'74',750,,2057,27,0,30 31 19,0,70,,2065,27,0,30 31 19,0,30,,2079,27,0,30 31 19,0,70,,2058,27,0,30 31 19,0,30,,2066,27,0,30 31 19,0,70,,2073,27,0,30 31 19,0,30,,2059,27,0,30 31 19,0,70,,2067,27,0,30 31 19,0,30,,2074,27,0,30 31 19,0,70,,2060,27,0,30 31 19,0,30,,2068,27,0,30 31 19,0,70,,2075,27,0,30 31 19,0,30,,2061,27,0,30 31 19,0,70,,2069,27,0,30 31 19,0,30,,2076,27,0,30 31 19,0,70,,2062,27,0,30 31 19,0,30,,2070,27,0,30 31 19,0,70,,2077,27,0,30 31 19,0,30,,2063,27,0,30 31 19,0,70,,2071,27,0,30 31 19,0,30,,2078,27,0,30 31 19,0,70,,2064,27,0,30 31 19,0,30,,2072,27,0,30 31 19,0
301,'75',620,,2091,27,0,30 31 19,0,30,,2092,27,0,30 31 19,0,70,,2108,27,0,30 31 19,0,30,,2088,27,0,30 31 19,0,70,,2093,27,0,30 31 19,0,30,,2109,27,0,30 31 19,0,70,,2089,27,0,30 31 19,0,30,,2094,27,0,30 31 19,0,70,,2110,27,0,30 31 19,0,30,,2090,27,0,30 31 19,0,70,,2095,27,0,30 31 19,0,30,,2106,27,0,30 31 19,0,70,,2080,27,0,30 31 19,0,30,,2096,27,0,30 31 19,0,70,,2107,27,0,30 31 19,0,30,,2081,27,0,30 31 19,0,70,,2097,27,0,30 31 19,0,30,,2104,27,0,30 31 19,0,70,,2082,27,0,30 31 19,0,30,,2098,27,0,30 31 19,0,70,,2111,27,0,30 31 19,0,30,,2083,27,0,30 31 19,0,70,,2099,27,0,30 31 19,0,30,,2112,27,0,30 31 19,0,70,,2084,27,0,30 31 19,0,30,,2100,27,0,30 31 19,0,70,,2113,27,0,30 31 19,0,30,,2085,27,0,30 31 19,0,70,,2101,27,0,30 31 19,0,30,,2114,27,0,30 31 19,0,70,,2086,27,0,30 31 19,0,30,,2102,27,0,30 31 19,0,70,,2105,27,0,30 31 19,0,30,,2087,27,0,30 31 19,0,70,,2103,27,0,30 31 19,0
901,'75',635,,2157,26,0,32 2 31 19,0,70,,2141,26,0,32 2 31 19,0,30,,2150,26,0,32 2 31 19,0,70,,2164,26,0,32 2 31 19,0,30,,2142,26,0,32 2 31 19,0,70,,2151,26,0,32 2 31 19,0,30,,2165,26,0,32 2 31 19,0,70,,2143,26,0,32 2 31 19,0,30,,2149,26,0,32 2 31 19,0,70,,2159,26,0,32 2 31 19,0,30,,2144,26,0,32 2 31 19,0,70,,2152,26,0,32 2 31 19,0,30,,2160,26,0,32 2 31 19,0,70,,2145,26,0,32 2 31 19,0,30,,2155,26,0,32 2 31 19,0,70,,2161,26,0,32 2 31 19,0,30,,2148,26,0,32 2 31 19,0,70,,2156,26,0,32 2 31 19,0,30,,2162,26,0,32 2 31 19,0,70,,2146,26,0,32 2 31 19,0,30,,2153,26,0,32 2 31 19,0,70,,2163,26,0,32 2 31 19,0,30,,2147,26,0,32 2 31 19,0,70,,2154,26,0,32 2 31 19,0,30,,2158,26,0,32 2 31 19,0
2000,'73',811,,2325,3,,,0,100,,2326,3,,,0,100,,2308,3,,,0,100,,2309,3,,,0,100,,2321,3,,,0,100,,2322,3,,,0,100,,2323,3,,,0,100,,2324,3,,,0,100,,2319,3,,,0,100,,2320,3,,,0
2000,'75',611,,2343,3,,,0,100,,2344,3,,,0,100,,2345,3,,,0,100,,2346,3,,,0,100,,2347,3,,,0,100,,2348,3,,,0,100,,2339,3,,,0,100,,2340,3,,,0,100,,2341,3,,,0,100,,2342,3,,,0,100,,2349,3,,,0,100,,2350,3,,,0,100,,2351,3,,,0
2300,'73',820,,2397,35,,,0,100,,2398,35,,,0,100,,2399,35,,,0,100,,2400,35,,,0,100,,2401,35,,,0,100,,2393,35,,,0,100,,2394,35,,,0,100,,2395,35,,,0,100,,2396,35,,,0,100,,2392,35,,,0
2300,'75',650,,2417,35,,,0,70,,2403,35,,,0,30,,2418,35,,,0,70,,2404,35,,,0,30,,2425,35,,,0,70,,2405,35,,,0,30,,2419,35,,,0,70,,2406,35,,,0,30,,2420,35,,,0,70,,2407,35,,,0,30,,2421,35,,,0,70,,2408,35,,,0,30,,2426,35,,,0,70,,2409,35,,,0,30,,2427,35,,,0,70,,2410,35,,,0,30,,2428,35,,,0,70,,2411,35,,,0,30,,2422,35,,,0,70,,2412,35,,,0,30,,2423,35,,,0,70,,2413,35,,,0,30,,2424,35,,,0,70,,2414,35,,,0,100,,2415,35,,,0,100,,2416,35,,,0
3301,'75',650,,2570,3,0,9 1 26,0,100,,2571,3,0,9 1 26,0,100,,2572,3,0,9 1 26,0,700,,2573,3,0,9 1 26,0,100,,2574,3,0,9 1 26,0,100,,2569,3,0,9 1 26,0
3501,'75',637,,2587,3,0,27 28,0,20,,2594,3,0,27 28,0,60,,2588,3,0,27 28,0,20,,2595,3,0,27 28,0,20,,2589,3,0,27 28,0,60,,2596,3,0,27 28,0,20,,2590,3,0,27 28,0,700,,2591,3,0,27 28,0,20,,2598,3,0,27 28,0,60,,2592,3,0,27 28,0,20,,2597,3,0,27 28,0,20,,2593,3,0,27 28,0
5200,'75',636,,2601,3,,,0,110,,2602,3,,,0,860,,2599,3,,,0,110,,2600,3,,,0
