100,'70',655,,873,29,,,0,70,,884,29,,,0,30,,891,32,,,0,70,,865,32,,,0,30,,882,32,,,0,70,,892,32,,,0,30,,866,32,,,0,70,,883,32,,,0,30,,887,32,,,0,70,,867,32,,,0,30,,874,32,,,0,70,,888,32,,,0,30,,868,32,,,0,70,,875,32,,,0,30,,889,32,,,0,70,,869,32,,,0,30,,876,32,,,0,70,,885,32,,,0,30,,863,32,,,0,70,,877,32,,,0,30,,886,32,,,0,70,,864,32,,,0,30,,878,32,,,0,70,,890,32,,,0,30,,870,32,,,0,70,,879,32,,,0,30,,893,32,,,0,70,,871,32,,,0,30,,880,32,,,0,70,,894,32,,,0,30,,872,32,,,0,70,,881,32,,,0
100,'71',755,,910,29,,,0,70,,900,29,,,0,30,,902,32,,,0,70,,912,32,,,0,30,,901,32,,,0,70,,903,32,,,0,30,,916,32,,,0,70,,895,32,,,0,30,,904,32,,,0,70,,909,32,,,0,30,,896,32,,,0,70,,905,32,,,0,30,,913,32,,,0,70,,897,32,,,0,30,,906,32,,,0,70,,914,32,,,0,30,,898,32,,,0,70,,907,32,,,0,30,,915,32,,,0,70,,899,32,,,0,30,,908,32,,,0,70,,911,32,,,0
100,'72',625,,943,29,,,0,30,,927,29,,,0,55,,956,29,,,0,15,,933,32,,,0,15,,958,32,,,0,15,,949,32,,,0,55,,951,32,,,0,15,,917,32,,,0,15,,954,32,,,0,15,,928,32,,,0,55,,959,32,,,0,15,,950,32,,,0,30,,921,32,,,0,70,,929,32,,,0,30,,942,32,,,0,70,,922,32,,,0,30,,934,32,,,0,70,,940,32,,,0,30,,923,32,,,0,70,,935,32,,,0,30,,939,32,,,0,70,,924,32,,,0,30,,936,32,,,0,55,,962,29,,,0,15,,945,32,,,0,15,,953,29,,,0,15,,925,32,,,0,55,,957,29,,,0,15,,937,32,,,0,15,,960,32,,,0,15,,946,32,,,0,55,,952,32,,,0,15,,926,32,,,0,15,,955,32,,,0,15,,930,32,,,0,55,,961,32,,,0,15,,947,32,,,0,30,,918,32,,,0,70,,931,32,,,0,30,,948,32,,,0,70,,919,32,,,0,30,,932,32,,,0,70,,941,32,,,0,30,,920,32,,,0,70,,938,32,,,0,30,,944,32,,,0
300,'70',640,,1086,31,,,0,70,,1065,31,,,0,30,,1079,31,,,0,70,,1087,31,,,0,30,,1066,31,,,0,70,,1080,31,,,0,30,,1088,31,,,0,70,,1067,31,,,0,30,,1081,31,,,0,70,,1096,31,,,0,30,,1068,31,,,0,70,,1077,31,,,0,30,,1090,31,,,0,70,,1069,31,,,0,30,,1078,31,,,0,70,,1095,31,,,0,30,,1070,31,,,0,70,,1083,31,,,0,30,,1089,31,,,0,70,,1071,31,,,0,30,,1084,31,,,0,70,,1091,31,,,0,30,,1072,31,,,0,70,,1082,31,,,0,30,,1092,31,,,0,70,,1073,31,,,0,30,,1085,31,,,0,70,,1093,31,,,0,30,,1074,31,,,0,70,,1076,31,,,0,30,,1094,31,,,0,70,,1075,31,,,0
300,'71',740,,1111,31,,,0,70,,1119,31,,,0,30,,1099,31,,,0,70,,1104,31,,,0,30,,1115,31,,,0,70,,1098,31,,,0,30,,1105,31,,,0,70,,1113,31,,,0,30,,1100,31,,,0,70,,1106,31,,,0,30,,1114,31,,,0,70,,1101,31,,,0,30,,1107,31,,,0,70,,1117,31,,,0,30,,1102,31,,,0,70,,1108,31,,,0,30,,1118,31,,,0,70,,1103,31,,,0,30,,1109,31,,,0,70,,1112,31,,,0,30,,1097,31,,,0,70,,1110,31,,,0,30,,1116,31,4,,0
300,'72',610,,1141,31,,,0,30,,1154,31,,,0,70,,1128,31,,,0,30,,1142,31,,,0,70,,1149,31,,,0,30,,1125,31,,,0,70,,1137,31,,,0,30,,1144,31,,,0,70,,1126,31,,,0,30,,1131,31,,,0,70,,1150,31,,,0,30,,1127,31,,,0,70,,1138,31,,,0,30,,1145,31,,,0,70,,1120,31,,,0,30,,1132,31,,,0,70,,1146,31,,,0,30,,1121,31,,,0,70,,1133,31,,,0,30,,1147,31,,,0,70,,1122,31,,,0,30,,1134,31,,,0,70,,1148,31,,,0,30,,1123,31,,,0,70,,1139,31,,,0,30,,1143,31,,,0,70,,1124,31,,,0,30,,1136,31,,,0,70,,1152,31,,,0,30,,1129,31,,,0,70,,1140,31,,,0,30,,1153,31,,,0,70,,1130,31,,,0,30,,1135,31,,,0,70,,1151,31,,,0
900,'72',625,,1246,31,,,0,30,,1262,31,,,0,70,,1268,31,,,0,30,,1247,31,,,0,70,,1255,31,,,0,30,,1263,31,,,0,70,,1248,31,,,0,30,,1256,31,,,0,70,,1264,31,,,0,30,,1249,31,,,0,70,,1257,31,,,0,30,,1265,31,,,0,70,,1250,31,,,0,30,,1258,31,,,0,70,,1266,31,,,0,30,,1251,31,,,0,70,,1259,31,,,0,30,,1267,31,,,0,70,,1252,31,,,0,30,,1260,31,,,0,70,,1269,31,,,0,30,,1253,31,,,0,70,,1261,31,,,0,30,,1270,31,,,0,70,,1254,31,,,0
1500,'70',720,,1318,1,,,0,100,,1319,1,,,0,100,,1316,1,,,0,100,,1317,1,,,0,30,,1315,1,,,0,70,,1320,1,,,0,30,,1308,1,,,0,70,,1321,1,,,0,30,,1309,1,,,0,70,,1322,1,,,0,30,,1310,1,,,0,70,,1323,1,,,0,30,,1311,1,,,0,70,,1324,1,,,0,30,,1312,1,,,0,70,,1325,1,,,0,30,,1313,1,,,0,70,,1326,1,,,0,30,,1314,1,,,0,70,,1327,1,,,0,100,,1328,1,,,0,100,,1329,1,,,0,100,,1330,1,,,0,100,,1331,1,,,0
1500,'71',820,,1334,1,,,0,100,,1335,1,,,0,100,,1336,1,,,0,100,,1337,1,,,0,100,,1338,1,,,0,100,,1339,1,,,0,100,,1340,1,,,0,100,,1341,1,,,0,100,,1342,1,,,0,100,,1333,1,,,0,100,,1332,1,,,0
1500,'72',620,,1360,1,,,0,30,,1343,1,,,0,70,,1361,1,,,0,30,,1344,1,,,0,70,,1356,1,,,0,30,,1345,1,,,0,70,,1357,1,,,0,30,,1346,1,,,0,70,,1358,1,,,0,30,,1347,1,,,0,70,,1359,1,,,0,30,,1348,1,,,0,70,,1362,1,,,0,30,,1349,1,,,0,70,,1363,1,,,0,30,,1367,1,,,0,70,,1364,1,,,0,30,,1368,1,,,0,70,,1365,1,,,0,30,,1369,1,,,0,70,,1366,1,,,0,30,,1370,1,,,0,70,,1350,1,,,0,30,,1371,1,,,0,70,,1351,1,,,0,100,,1352,1,,,0,100,,1353,1,,,0,100,,1354,1,,,0,100,,1355,1,,,0
2000,'70',808,,1448,34,4,,0,2,,1455,1,,,0,98,,1442,34,4,,0,2,,1456,1,,,0,98,,1443,34,4,,0,2,,1438,1,,,0,98,,1440,34,4,,0,2,,1439,1,,,0,98,,1444,34,4,,0,2,,1451,1,,,0,98,,1441,34,4,,0,2,,1452,1,,,0,98,,1445,34,4,,0,2,,1453,1,,,0,98,,1446,34,4,,0,2,,1454,1,,,0,98,,1447,34,4,,0,2,,1449,1,,,0,98,,1457,34,4,,0,2,,1450,1,,,0
2000,'72',610,,1473,1,,,0,98,,1459,34,4,,0,2,,1474,1,,,0,98,,1460,34,4,,0,2,,1475,1,,,0,98,,1458,34,4,,0,2,,1476,1,,,0,98,,1463,34,4,,0,2,,1477,1,,,0,98,,1465,34,4,,0,2,,1478,1,,,0,98,,1466,34,4,,0,2,,1469,1,,,0,98,,1464,34,4,,0,2,,1470,1,,,0,98,,1468,34,4,,0,2,,1471,1,,,0,98,,1482,34,4,,0,2,,1472,1,,,0,98,,1461,34,4,,0,2,,1479,1,,,0,98,,1462,34,4,,0,2,,1480,1,,,0,98,,1467,34,4,,0,2,,1481,1,,,0
2100,'70',735,,1483,1,,,0,18,,1483,25,4,,0,82,,1484,1,,,0,18,,1484,25,4,,0,82,,1489,1,,,0,18,,1489,25,4,,0,82,,1490,1,,,0,18,,1490,25,4,,0,82,,1491,1,,,0,18,,1491,25,4,,0,82,,1488,1,,,0,18,,1488,25,4,,0,82,,1492,1,,,0,18,,1492,25,4,,0,82,,1493,1,,,0,18,,1493,25,4,,0,82,,1485,1,,,0,18,,1485,25,4,,0,82,,1486,1,,,0,18,,1486,25,4,,0,82,,1487,1,,,0,18,,1487,25,4,,0
2100,'72',635,,1507,1,,,0,18,,1507,25,4,,0,52,,1517,1,,,0,18,,1517,25,4,,0,12,,1508,1,,,0,18,,1508,25,4,,0,52,,1518,1,,,0,18,,1518,25,4,,0,12,,1503,1,,,0,18,,1503,25,4,,0,52,,1519,1,,,0,18,,1519,25,4,,0,12,,1504,1,,,0,18,,1504,25,4,,0,52,,1520,1,,,0,18,,1520,25,4,,0,12,,1505,1,,,0,18,,1505,25,4,,0,52,,1515,1,,,0,18,,1515,25,4,,0,12,,1506,1,,,0,18,,1506,25,4,,0,52,,1509,1,,,0,18,,1509,25,4,,0,12,,1494,1,,,0,18,,1494,25,4,,0,52,,1510,1,,,0,18,,1510,25,4,,0,12,,1499,1,,,0,18,,1499,25,4,,0,52,,1511,1,,,0,18,,1511,25,4,,0,12,,1500,1,,,0,18,,1500,25,4,,0,52,,1512,1,,,0,18,,1512,25,4,,0,12,,1501,1,,,0,18,,1501,25,4,,0,52,,1513,1,,,0,18,,1513,25,4,,0,12,,1502,1,,,0,18,,1502,25,4,,0,52,,1514,1,,,0,18,,1514,25,4,,0,12,,1495,1,,,0,18,,1495,25,4,,0,52,,1516,1,,,0,18,,1516,25,4,,0,12,,1496,1,,,0,18,,1496,25,4,,0,82,,1497,1,,,0,18,,1497,25,4,,0,82,,1498,1,,,0,18,,1498,25,4,,0
2300,'70',755,,1527,1,,,0,75,,1527,44,4,,0,25,,1528,1,,,0,75,,1528,44,4,,0,25,,1529,1,,,0,75,,1529,44,4,,0,25,,1530,1,,,0,75,,1530,44,4,,0,25,,1531,1,,,0,75,,1531,44,4,,0,25,,1523,1,,,0,75,,1523,44,4,,0,25,,1524,1,,,0,75,,1524,44,4,,0,25,,1525,1,,,0,75,,1525,44,4,,0,25,,1526,1,,,0,75,,1526,44,4,,0,25,,1522,1,,,0,75,,1522,44,4,,0,25,,1521,1,,,0
2300,'72',625,,1547,1,,,0,30,,1533,1,,,0,45,,1547,44,4,,0,25,,1548,1,,,0,5,,1533,44,4,,0,25,,1534,1,,,0,45,,1548,44,4,,0,25,,1555,1,,,0,5,,1534,44,4,,0,25,,1535,1,,,0,45,,1555,44,4,,0,25,,1549,1,,,0,5,,1535,44,4,,0,25,,1536,1,,,0,45,,1549,44,4,,0,25,,1550,1,,,0,5,,1536,44,4,,0,25,,1537,1,,,0,45,,1550,44,4,,0,25,,1551,1,,,0,5,,1537,44,4,,0,25,,1538,1,,,0,45,,1551,44,4,,0,25,,1556,1,,,0,5,,1538,44,4,,0,25,,1539,1,,,0,45,,1556,44,4,,0,25,,1557,1,,,0,5,,1539,44,4,,0,25,,1540,1,,,0,45,,1557,44,4,,0,25,,1558,1,,,0,5,,1540,44,4,,0,25,,1541,1,,,0,45,,1558,44,4,,0,25,,1552,1,,,0,5,,1541,44,4,,0,25,,1542,1,,,0,45,,1552,44,4,,0,25,,1553,1,,,0,5,,1542,44,4,,0,25,,1543,1,,,0,45,,1553,44,4,,0,25,,1554,1,,,0,5,,1543,44,4,,0,25,,1544,1,,,0,45,,1554,44,4,,0,30,,1544,44,4,,0,25,,1545,1,,,0,75,,1545,44,4,,0,25,,1546,1,,,0,75,,1546,44,4,,0,25,,1532,1,,,0
3300,'72',745,,1696,39,4,,0,100,,1697,39,4,,0,700,,1698,39,4,,0,100,,1694,39,4,,0,100,,1695,39,4,,0
3301,'72',650,,1700,1,0,9 1 26,0,100,,1701,1,0,9 1 26,0,100,,1702,1,0,9 1 26,0,700,,1703,1,0,9 1 26,0,100,,1704,1,0,9 1 26,0,100,,1699,1,0,9 1 26,0
3500,'72',710,,1705,12,4,,0,20,,1714,12,4,,0,20,,1706,12,4,,0,60,,1715,12,4,,0,20,,1707,12,4,,0,700,,1708,12,4,,0,20,,1716,12,4,,0,60,,1709,12,4,,0,20,,1712,12,4,,0,20,,1710,12,4,,0,60,,1713,12,4,,0,20,,1711,12,4,,0
3501,'72',635,,1717,1,0,27 28,0,20,,1724,1,0,27 28,0,60,,1718,1,0,27 28,0,20,,1725,1,0,27 28,0,20,,1719,1,0,27 28,0,60,,1726,1,0,27 28,0,20,,1720,1,0,27 28,0,700,,1721,1,0,27 28,0,20,,1728,1,0,27 28,0,60,,1722,1,0,27 28,0,20,,1727,1,0,27 28,0,20,,1723,1,0,27 28,0
5200,'72',635,,1731,1,,,0,105,,1731,27,4,,0,5,,1732,1,,,0,105,,1732,27,4,,0,755,,1729,1,,,0,105,,1729,27,4,,0,5,,1730,1,,,0,105,,1730,27,4,,0
