101,'1',633,,136,16,,,0,70,,108,16,,,0,15,,131,16,,,0,15,,103,16,,,0,15,,125,16,,,0,55,,135,16,,,0,15,,117,16,,,0,15,,107,16,,,0,15,,105,16,,,0,55,,142,16,,,0,15,,106,16,,,0,15,,130,16,,,0,15,,147,16,,,0,55,,116,16,,,0,30,,118,16,,,0,70,,139,16,,,0,30,,124,16,,,0,70,,102,16,,,0,30,,101,16,,,0,70,,128,16,,,0,30,,138,16,,,0,70,,126,16,,,0,30,,134,16,,,0,70,,120,16,,,0,30,,114,16,,,0,15,,123,16,,,0,55,,140,16,,,0,15,,137,16,,,0,15,,145,16,,,0,15,,109,16,,,0,55,,132,16,,,0,15,,141,16,,,0,15,,119,16,,,0,15,,110,16,0,18 19,0,55,,143,16,,,0,15,,144,16,0,18 19,0,15,,104,16,,,0,70,,115,16,,,0,30,,129,16,,,0,70,,127,16,,,0,30,,111,16,,,0,70,,112,16,,,0,30,,122,16,,,0,70,,133,16,,,0,30,,121,16,0,18 19,0,70,,113,16,0,18 19,0,30,,146,16,0,18 19,0
101,'2',703,,155,16,,,0,30,,151,16,,,0,70,,178,16,,,0,30,,153,16,,,0,70,,158,16,,,0,30,,166,16,,,0,70,,154,16,,,0,30,,172,16,,,0,70,,171,16,,,0,30,,163,16,,,0,70,,159,16,,,0,30,,157,16,,,0,70,,156,16,,,0,30,,176,16,,,0,70,,162,16,,,0,30,,175,16,,,0,70,,160,16,,,0,30,,149,16,,,0,70,,173,16,,,0,30,,170,16,,,0,70,,150,16,,,0,30,,152,16,,,0,70,,165,16,,,0,30,,164,16,,,0,70,,177,16,,,0,30,,167,16,,,0,70,,148,16,,,0,30,,179,16,,,0,70,,169,16,,,0,30,,161,16,,,0,70,,174,16,0,18 19,0,30,,168,16,0,18 19,0
101,'3',803,,200,16,,,0,30,,186,16,,,0,70,,184,16,,,0,30,,189,16,,,0,70,,195,16,,,0,30,,181,16,,,0,70,,185,16,,,0,30,,183,16,,,0,70,,201,16,,,0,30,,182,16,,,0,70,,194,16,,,0,30,,180,16,,,0,70,,191,16,,,0,30,,197,16,,,0,70,,187,16,,,0,30,,188,16,,,0,70,,196,16,,,0,30,,198,16,,,0,70,,190,16,,,0,30,,193,16,,,0,70,,192,16,0,18 19,0,30,,199,16,0,18 19,0
301,'1',618,,310,25,,,0,30,,303,25,,,0,70,,292,25,,,0,30,,326,25,,,0,70,,301,25,,,0,30,,323,25,,,0,70,,293,25,,,0,30,,313,25,,,0,70,,311,25,,,0,30,,296,25,,,0,70,,315,25,,,0,30,,325,25,,,0,70,,321,25,,,0,30,,297,25,,,0,70,,294,25,,,0,30,,306,25,,,0,70,,309,25,,,0,30,,305,25,,,0,70,,304,25,,,0,30,,308,25,,,0,70,,320,25,,,0,30,,300,25,,,0,70,,324,25,,,0,30,,322,25,,,0,70,,295,25,,,0,30,,319,25,,,0,70,,312,25,,,0,30,,327,25,,,0,70,,316,25,,,0,30,,307,25,,,0,70,,298,25,,,0,30,,314,25,,,0,70,,299,25,,,0,30,,302,25,,,0,70,,318,25,,,0,30,,317,25,0,20 21,0
301,'2',718,,353,25,,,0,30,,350,25,,,0,70,,331,25,,,0,30,,352,25,,,0,70,,357,25,,,0,30,,347,25,,,0,70,,338,25,,,0,30,,356,25,,,0,70,,343,25,,,0,30,,345,25,,,0,70,,328,25,,,0,30,,335,25,,,0,70,,330,25,,,0,30,,351,25,,,0,70,,339,25,,,0,30,,342,25,,,0,70,,341,25,,,0,30,,332,25,,,0,70,,336,25,,,0,30,,329,25,,,0,70,,333,25,,,0,30,,359,25,,,0,70,,340,25,,,0,30,,334,25,,,0,70,,358,25,,,0,30,,355,25,,,0,70,,348,25,,,0,30,,349,25,,,0,70,,354,25,,,0,30,,337,25,,,0,70,,346,25,,,0,30,,344,25,,,0
301,'3',748,,380,25,,,0,70,,378,25,,,0,30,,371,25,,,0,70,,372,25,,,0,30,,379,25,,,0,70,,366,25,,,0,30,,367,25,,,0,70,,376,25,,,0,30,,373,25,,,0,70,,382,25,,,0,30,,375,25,,,0,70,,381,25,,,0,30,,365,25,,,0,70,,362,25,,,0,30,,364,25,,,0,70,,360,25,,,0,30,,361,25,,,0,70,,363,25,,,0,30,,374,25,,,0,70,,370,25,,,0,30,,369,25,,,0,70,,368,25,,,0,30,,377,25,,,0
901,'1',702,,417,22,,,0,30,,408,22,,,0,70,,410,22,,,0,30,,429,22,,,0,70,,416,22,,,0,30,,418,22,,,0,70,,428,22,,,0,30,,425,22,,,0,70,,423,22,,,0,30,,415,22,,,0,70,,409,22,,,0,30,,421,22,,,0,70,,411,22,,,0,30,,413,22,,,0,70,,412,22,,,0,30,,414,22,,,0,70,,422,22,,,0,30,,420,22,,,0,70,,426,22,,,0,30,,424,22,,,0,70,,431,22,,,0,30,,419,22,,,0,70,,427,22,,,0,30,,430,22,,,0
1501,'1',638,,527,28,,,0,70,,525,32,,,0,30,,530,32,,,0,70,,513,32,,,0,30,,535,32,,,0,70,,516,32,,,0,30,,524,32,,,0,70,,537,32,,,0,30,,526,32,,,0,70,,519,32,,,0,30,,534,32,,,0,70,,529,32,,,0,30,,531,32,,,0,70,,517,32,,,0,30,,521,32,,,0,70,,509,32,,,0,30,,523,32,,,0,70,,510,32,,,0,30,,515,32,,,0,70,,514,32,,,0,30,,522,32,,,0,70,,518,32,,,0,30,,532,32,,,0,70,,511,32,,,0,30,,512,32,,,0,70,,536,32,,,0,100,,533,32,,,0,100,,528,32,,,0,100,,508,32,,,0,100,,520,32,,,0
1501,'2',708,,544,28,,,0,100,,552,32,,,0,100,,547,32,,,0,100,,542,32,,,0,100,,551,32,,,0,30,,558,32,,,0,70,,543,32,,,0,30,,557,32,,,0,70,,549,32,,,0,30,,540,32,,,0,70,,541,32,,,0,30,,546,32,,,0,70,,550,32,,,0,30,,555,32,,,0,70,,539,32,,,0,30,,548,32,,,0,70,,561,32,,,0,30,,554,32,,,0,70,,553,32,,,0,30,,538,32,,,0,70,,560,32,,,0,100,,559,32,,,0,100,,545,32,,,0,100,,556,32,,,0
1501,'3',808,,565,28,,,0,100,,572,32,,,0,100,,566,32,,,0,100,,562,32,,,0,100,,569,32,,,0,100,,563,32,,,0,100,,571,32,,,0,100,,564,32,,,0,100,,568,32,,,0,100,,570,32,,,0,100,,567,32,,,0
2309,'1',646,,673,33,,,0,70,,663,33,,,0,30,,678,33,,,0,70,,669,33,,,0,30,,658,33,,,0,70,,661,33,,,0,30,,677,33,,,0,70,,675,33,,,0,30,,672,33,,,0,70,,681,33,,,0,30,,682,33,,,0,70,,660,33,,,0,30,,659,33,,,0,70,,662,33,,,0,30,,668,33,,,0,70,,671,33,,,0,30,,674,33,,,0,70,,684,33,,,0,30,,666,33,,,0,70,,667,33,,,0,30,,670,33,,,0,70,,680,33,,,0,30,,683,33,,,0,70,,664,33,,,0,100,,676,33,,,0,100,,679,33,,,0,100,,665,33,,,0
2309,'2',816,,685,33,,,0,100,,694,33,,,0,100,,687,33,,,0,100,,693,33,,,0,100,,692,33,,,0,100,,690,33,,,0,100,,695,33,,,0,100,,691,33,,,0,100,,686,33,,,0,100,,689,33,,,0,100,,688,33,,,0
