100,'1',626,,8,31,,,0,30,,5,31,,,0,55,,16,31,,,0,15,,18,31,,,0,15,,38,31,,,0,15,,24,34,,,0,55,,14,34,,,0,15,,20,34,,,0,15,,6,34,,,0,15,,31,34,,,0,55,,2,34,,,0,15,,40,34,,,0,30,,7,34,,,0,70,,15,34,,,0,30,,35,34,,,0,70,,13,34,,,0,30,,1,34,,,0,70,,22,34,,,0,30,,10,34,,,0,70,,17,34,,,0,30,,26,34,,,0,70,,9,34,,,0,30,,30,34,,,0,55,,44,31,,,0,15,,23,34,,,0,15,,36,31,,,0,15,,25,34,,,0,55,,21,31,,,0,15,,28,34,,,0,15,,43,34,,,0,15,,12,34,,,0,55,,46,34,,,0,15,,32,34,,,0,15,,33,34,,,0,15,,37,34,,,0,55,,4,34,,,0,15,,3,34,,,0,30,,29,34,,,0,70,,45,34,,,0,30,,39,34,,,0,70,,41,34,,,0,30,,11,34,,,0,70,,19,34,,,0,30,,34,34,,,0,70,,27,34,,,0,30,,42,34,,,0
100,'2',656,,59,31,,,0,70,,62,31,,,0,30,,78,34,,,0,70,,60,34,,,0,30,,63,34,,,0,70,,55,34,,,0,30,,52,34,,,0,70,,74,34,,,0,30,,48,34,,,0,70,,53,34,,,0,30,,69,34,,,0,70,,51,34,,,0,30,,50,34,,,0,70,,66,34,,,0,30,,49,34,,,0,70,,77,34,,,0,30,,71,34,,,0,70,,47,34,,,0,30,,67,34,,,0,70,,64,34,,,0,30,,58,34,,,0,70,,73,34,,,0,30,,56,34,,,0,70,,61,34,,,0,30,,57,34,,,0,70,,75,34,,,0,30,,72,34,,,0,70,,76,34,,,0,30,,54,34,,,0,70,,68,34,,,0,30,,65,34,,,0,70,,70,34,,,0
100,'3',756,,97,31,,,0,70,,80,31,,,0,30,,98,34,,,0,70,,85,34,,,0,30,,86,34,,,0,70,,96,34,,,0,30,,95,34,,,0,70,,94,34,,,0,30,,82,34,,,0,70,,88,34,,,0,30,,92,34,,,0,70,,84,34,,,0,30,,91,34,,,0,70,,83,34,,,0,30,,99,34,,,0,70,,90,34,,,0,30,,87,34,,,0,70,,100,34,,,0,30,,79,34,,,0,70,,93,34,,,0,30,,89,34,,,0,70,,81,34,,,0
300,'1',612,,212,32,,,0,30,,202,32,,,0,70,,217,32,,,0,30,,218,32,,,0,70,,207,32,,,0,30,,206,32,,,0,70,,209,32,,,0,30,,232,32,,,0,70,,211,32,,,0,30,,223,32,,,0,70,,224,32,,,0,30,,227,32,,,0,70,,230,32,,,0,30,,222,32,,,0,70,,221,32,,,0,30,,235,32,,,0,70,,231,32,,,0,30,,203,32,,,0,70,,215,32,,,0,30,,233,32,,,0,70,,205,32,,,0,30,,204,32,,,0,70,,219,32,,,0,30,,208,32,,,0,70,,229,32,,,0,30,,236,32,,,0,70,,226,32,,,0,30,,216,32,,,0,70,,234,32,,,0,30,,220,32,,,0,70,,213,32,,,0,30,,225,32,,,0,70,,214,32,,,0,30,,210,32,,,0,70,,228,32,,,0
300,'2',642,,237,32,,,0,70,,248,32,,,0,30,,266,32,,,0,70,,255,32,,,0,30,,250,32,,,0,70,,251,32,,,0,30,,241,32,,,0,70,,264,32,,,0,30,,244,32,,,0,70,,267,32,,,0,30,,259,32,,,0,70,,243,32,,,0,30,,254,32,,,0,70,,246,32,,,0,30,,252,32,,,0,70,,268,32,,,0,30,,240,32,,,0,70,,245,32,,,0,30,,256,32,,,0,70,,242,32,,,0,30,,249,32,,,0,70,,265,32,,,0,30,,257,32,,,0,70,,261,32,,,0,30,,239,32,,,0,70,,260,32,,,0,30,,263,32,,,0,70,,262,32,,,0,30,,253,32,,,0,70,,238,32,,,0,30,,258,32,,,0,70,,247,32,,,0
300,'3',742,,273,32,,,0,70,,284,32,,,0,30,,291,32,,,0,70,,281,32,,,0,30,,279,32,,,0,70,,289,32,,,0,30,,271,32,,,0,70,,287,32,,,0,30,,283,32,,,0,70,,280,32,,,0,30,,282,32,,,0,70,,276,32,,,0,30,,288,32,,,0,70,,286,32,,,0,30,,274,32,,,0,70,,290,32,,,0,30,,278,32,,,0,70,,275,32,,,0,30,,277,32,,,0,70,,272,32,,,0,30,,285,32,,,0,70,,270,32,,,0,30,,269,32,,,0
900,'1',627,,404,33,,,0,30,,402,33,,,0,70,,405,33,,,0,30,,392,33,,,0,70,,406,33,,,0,30,,396,33,,,0,70,,400,33,,,0,30,,391,33,,,0,70,,407,33,,,0,30,,387,33,,,0,70,,384,33,,,0,30,,386,33,,,0,70,,388,33,,,0,30,,403,33,,,0,70,,389,33,,,0,30,,394,33,,,0,70,,383,33,,,0,30,,397,33,,,0,70,,393,33,,,0,30,,395,33,,,0,70,,399,33,,,0,30,,390,33,,,0,70,,401,33,,,0,30,,398,33,,,0,70,,385,33,,,0
1500,'1',622,,457,2,,,0,30,,465,2,,,0,70,,446,2,,,0,30,,460,2,,,0,70,,467,2,,,0,30,,454,2,,,0,70,,470,2,,,0,30,,447,2,,,0,70,,464,2,,,0,30,,472,2,,,0,70,,456,2,,,0,30,,466,2,,,0,70,,449,2,,,0,30,,455,2,,,0,70,,448,2,,,0,30,,453,2,,,0,70,,451,2,,,0,30,,444,2,,,0,70,,468,2,,,0,30,,445,2,,,0,70,,462,2,,,0,30,,463,2,,,0,70,,458,2,,,0,30,,450,2,,,0,70,,461,2,,,0,100,,452,2,,,0,100,,471,2,,,0,100,,459,2,,,0,100,,469,2,,,0
1500,'2',722,,482,2,,,0,100,,495,2,,,0,100,,476,2,,,0,100,,493,2,,,0,30,,492,2,,,0,70,,477,2,,,0,30,,487,2,,,0,70,,485,2,,,0,30,,474,2,,,0,70,,481,2,,,0,30,,480,2,,,0,70,,486,2,,,0,30,,496,2,,,0,70,,490,2,,,0,30,,491,2,,,0,70,,478,2,,,0,30,,484,2,,,0,70,,483,2,,,0,30,,489,2,,,0,70,,479,2,,,0,100,,494,2,,,0,100,,488,2,,,0,100,,475,2,,,0,100,,473,2,0,16 17,0
1500,'3',822,,498,2,,,0,100,,501,2,,,0,100,,499,2,,,0,100,,506,2,,,0,100,,504,2,,,0,100,,502,2,,,0,100,,503,2,,,0,100,,507,2,,,0,100,,505,2,,,0,100,,500,2,,,0,100,,497,2,0,16 17,0
2309,'1',625,,673,2,,,0,30,,663,2,,,0,70,,678,2,,,0,30,,669,2,,,0,70,,658,2,,,0,30,,661,2,,,0,70,,677,2,,,0,30,,675,2,,,0,70,,672,2,,,0,30,,681,2,,,0,70,,682,2,,,0,30,,660,2,,,0,70,,659,2,,,0,30,,662,2,,,0,70,,668,2,,,0,30,,671,2,,,0,70,,674,2,,,0,30,,684,2,,,0,70,,666,2,,,0,30,,667,2,,,0,70,,670,2,,,0,30,,680,2,,,0,70,,683,2,,,0,30,,664,2,,,0,100,,676,2,,,0,100,,679,2,,,0,100,,665,2,,,0
2309,'2',755,,685,2,,,0,100,,694,2,,,0,100,,687,2,,,0,100,,693,2,,,0,100,,692,2,,,0,100,,690,2,,,0,100,,695,2,,,0,100,,691,2,,,0,100,,686,2,,,0,100,,689,2,,,0,100,,688,2,,,0
