101,'1',635,,136,18,,,0,70,,108,18,,,0,15,,131,18,,,0,15,,103,18,,,0,15,,125,18,,,0,55,,135,18,,,0,15,,117,18,,,0,15,,107,18,,,0,15,,105,18,,,0,55,,142,18,,,0,15,,106,18,,,0,15,,130,18,,,0,15,,147,18,,,0,55,,116,18,,,0,30,,118,18,,,0,70,,139,18,,,0,30,,124,18,,,0,70,,102,18,,,0,30,,101,18,,,0,70,,128,18,,,0,30,,138,18,,,0,70,,126,18,,,0,30,,134,18,,,0,70,,120,18,,,0,30,,114,18,,,0,15,,123,18,,,0,55,,140,18,,,0,15,,137,18,,,0,15,,145,18,,,0,15,,109,18,,,0,55,,132,18,,,0,15,,141,18,,,0,15,,119,18,,,0,15,,110,18,0,18 19,0,55,,143,18,,,0,15,,144,18,0,18 19,0,15,,104,18,,,0,70,,115,18,,,0,30,,129,18,,,0,70,,127,18,,,0,30,,111,18,,,0,70,,112,18,,,0,30,,122,18,,,0,70,,133,18,,,0,30,,121,18,0,18 19,0,70,,113,18,0,18 19,0,30,,146,18,0,18 19,0
101,'2',705,,155,18,,,0,30,,151,18,,,0,70,,178,18,,,0,30,,153,18,,,0,70,,158,18,,,0,30,,166,18,,,0,70,,154,18,,,0,30,,172,18,,,0,70,,171,18,,,0,30,,163,18,,,0,70,,159,18,,,0,30,,157,18,,,0,70,,156,18,,,0,30,,176,18,,,0,70,,162,18,,,0,30,,175,18,,,0,70,,160,18,,,0,30,,149,18,,,0,70,,173,18,,,0,30,,170,18,,,0,70,,150,18,,,0,30,,152,18,,,0,70,,165,18,,,0,30,,164,18,,,0,70,,177,18,,,0,30,,167,18,,,0,70,,148,18,,,0,30,,179,18,,,0,70,,169,18,,,0,30,,161,18,,,0,70,,174,18,0,18 19,0,30,,168,18,0,18 19,0
101,'3',805,,200,18,,,0,30,,186,18,,,0,70,,184,18,,,0,30,,189,18,,,0,70,,195,18,,,0,30,,181,18,,,0,70,,185,18,,,0,30,,183,18,,,0,70,,201,18,,,0,30,,182,18,,,0,70,,194,18,,,0,30,,180,18,,,0,70,,191,18,,,0,30,,197,18,,,0,70,,187,18,,,0,30,,188,18,,,0,70,,196,18,,,0,30,,198,18,,,0,70,,190,18,,,0,30,,193,18,,,0,70,,192,18,0,18 19,0,30,,199,18,0,18 19,0
301,'1',621,,310,27,,,0,30,,303,27,,,0,70,,292,27,,,0,30,,326,27,,,0,70,,301,27,,,0,30,,323,27,,,0,70,,293,27,,,0,30,,313,27,,,0,70,,311,27,,,0,30,,296,27,,,0,70,,315,27,,,0,30,,325,27,,,0,70,,321,27,,,0,30,,297,27,,,0,70,,294,27,,,0,30,,306,27,,,0,70,,309,27,,,0,30,,305,27,,,0,70,,304,27,,,0,30,,308,27,,,0,70,,320,27,,,0,30,,300,27,,,0,70,,324,27,,,0,30,,322,27,,,0,70,,295,27,,,0,30,,319,27,,,0,70,,312,27,,,0,30,,327,27,,,0,70,,316,27,,,0,30,,307,27,,,0,70,,298,27,,,0,30,,314,27,,,0,70,,299,27,,,0,30,,302,27,,,0,70,,318,27,,,0,29,,317,27,4,,0
301,'2',721,,353,27,,,0,30,,350,27,,,0,70,,331,27,,,0,30,,352,27,,,0,70,,357,27,,,0,30,,347,27,,,0,70,,338,27,,,0,30,,356,27,,,0,70,,343,27,,,0,30,,345,27,,,0,70,,328,27,,,0,30,,335,27,,,0,70,,330,27,,,0,30,,351,27,,,0,70,,339,27,,,0,30,,342,27,,,0,70,,341,27,,,0,30,,332,27,,,0,70,,336,27,,,0,30,,329,27,,,0,70,,333,27,,,0,30,,359,27,,,0,70,,340,27,,,0,30,,334,27,,,0,70,,358,27,,,0,30,,355,27,,,0,70,,348,27,,,0,30,,349,27,,,0,70,,354,27,,,0,30,,337,27,,,0,70,,346,27,,,0,30,,344,27,,,0
301,'3',751,,380,27,,,0,70,,378,27,,,0,30,,371,27,,,0,70,,372,27,,,0,30,,379,27,,,0,70,,366,27,,,0,30,,367,27,,,0,70,,376,27,,,0,30,,373,27,,,0,70,,382,27,,,0,30,,375,27,,,0,70,,381,27,,,0,30,,365,27,,,0,70,,362,27,,,0,30,,364,27,,,0,70,,360,27,,,0,30,,361,27,,,0,70,,363,27,,,0,30,,374,27,,,0,70,,370,27,,,0,30,,369,27,,,0,70,,368,27,,,0,30,,377,27,,,0
901,'1',705,,417,24,,,0,30,,408,24,,,0,70,,410,24,,,0,30,,429,24,,,0,70,,416,24,,,0,30,,418,24,,,0,70,,428,24,,,0,30,,425,24,,,0,70,,423,24,,,0,30,,415,24,,,0,70,,409,24,,,0,30,,421,24,,,0,70,,411,24,,,0,30,,413,24,,,0,70,,412,24,,,0,30,,414,24,,,0,70,,422,24,,,0,30,,420,24,,,0,70,,426,24,,,0,30,,424,24,,,0,70,,431,24,,,0,30,,419,24,,,0,70,,427,24,,,0,30,,430,24,,,0
1501,'1',640,,527,30,4,,0,70,,525,34,4,,0,30,,530,34,4,,0,70,,513,34,4,,0,30,,535,34,4,,0,70,,516,34,4,,0,30,,524,34,4,,0,70,,537,34,4,,0,30,,526,34,4,,0,70,,519,34,4,,0,30,,534,34,4,,0,70,,529,34,4,,0,30,,531,34,4,,0,70,,517,34,4,,0,30,,521,34,4,,0,70,,509,34,4,,0,30,,523,34,4,,0,70,,510,34,4,,0,30,,515,34,4,,0,70,,514,34,4,,0,30,,522,34,4,,0,70,,518,34,4,,0,30,,532,34,4,,0,70,,511,34,4,,0,30,,512,34,4,,0,70,,536,34,4,,0,100,,533,34,4,,0,100,,528,34,4,,0,100,,508,34,4,,0,100,,520,34,4,,0
1501,'2',710,,544,30,4,,0,100,,552,34,4,,0,100,,547,34,4,,0,100,,542,34,4,,0,100,,551,34,4,,0,30,,558,34,4,,0,70,,543,34,4,,0,30,,557,34,4,,0,70,,549,34,4,,0,30,,540,34,4,,0,70,,541,34,4,,0,30,,546,34,4,,0,70,,550,34,4,,0,30,,555,34,4,,0,70,,539,34,4,,0,30,,548,34,4,,0,70,,561,34,4,,0,30,,554,34,4,,0,70,,553,34,4,,0,30,,538,34,4,,0,70,,560,34,4,,0,100,,559,34,4,,0,100,,545,34,4,,0,100,,556,34,4,,0
1501,'3',810,,565,30,4,,0,100,,572,34,4,,0,100,,566,34,4,,0,100,,562,34,4,,0,100,,569,34,4,,0,100,,563,34,4,,0,100,,571,34,4,,0,100,,564,34,4,,0,100,,568,34,4,,0,100,,570,34,4,,0,100,,567,34,4,,0
2009,'1',610,,574,1,,,0,100,,592,1,,,0,100,,597,1,,,0,100,,594,1,,,0,100,,575,1,,,0,100,,577,1,,,0,100,,587,1,,,0,100,,581,1,,,0,100,,589,1,,,0,100,,593,1,,,0,100,,579,1,,,0,100,,586,1,,,0,100,,573,1,,,0
2009,'2',810,,611,1,,,0,100,,613,1,,,0,100,,602,1,,,0,100,,616,1,,,0,100,,606,1,,,0,100,,601,1,,,0,100,,609,1,,,0,100,,607,1,,,0,100,,603,1,,,0,100,,617,1,,,0,100,,615,1,,,0
2109,'1',636,,633,1,,,0,70,,620,1,,,0,30,,643,1,,,0,70,,621,1,,,0,30,,645,1,,,0,70,,624,1,,,0,30,,637,1,,,0,70,,635,1,,,0,30,,626,1,,,0,70,,629,1,,,0,30,,623,1,,,0,70,,627,1,,,0,30,,638,1,,,0,70,,622,1,,,0,30,,634,1,,,0,70,,628,1,,,0,30,,642,1,,,0,70,,625,1,,,0,30,,640,1,,,0,70,,630,1,,,0,30,,632,1,,,0,70,,639,1,,,0,30,,641,1,,,0,70,,631,1,,,0,30,,646,1,,,0,100,,644,1,,,0,100,,636,1,,,0
2109,'2',736,,656,1,,,0,100,,652,1,,,0,100,,650,1,,,0,100,,654,1,,,0,100,,647,1,,,0,100,,648,1,,,0,100,,653,1,,,0,100,,655,1,,,0,100,,651,1,,,0,100,,649,1,,,0,100,,657,1,,,0
2309,'1',650,,673,35,,,0,70,,663,35,,,0,30,,678,35,,,0,70,,669,35,,,0,30,,658,35,,,0,70,,661,35,,,0,30,,677,35,,,0,70,,675,35,,,0,30,,672,35,,,0,70,,681,35,,,0,30,,682,35,,,0,70,,660,35,,,0,30,,659,35,,,0,70,,662,35,,,0,30,,668,35,,,0,70,,671,35,,,0,30,,674,35,,,0,70,,684,35,,,0,30,,666,35,,,0,70,,667,35,,,0,30,,670,35,,,0,70,,680,35,,,0,30,,683,35,,,0,70,,664,35,,,0,100,,676,35,,,0,100,,679,35,,,0,100,,665,35,4,,0
2309,'2',820,,685,35,,,0,100,,694,35,,,0,100,,687,35,,,0,100,,693,35,,,0,100,,692,35,,,0,100,,690,35,,,0,100,,695,35,,,0,100,,691,35,,,0,100,,686,35,,,0,100,,689,35,,,0,100,,688,35,4,,0
3309,'1',650,,839,1,,,0,100,,841,1,,,0,100,,843,1,,,0,700,,840,1,,,0,100,,842,1,,,0,100,,844,1,,,0
3509,'1',636,,846,1,,,0,20,,857,1,,,0,60,,854,1,,,0,20,,848,1,,,0,20,,850,1,,,0,60,,852,1,0,12 22,0,20,,858,1,0,12 22,0,700,,847,1,,,0,20,,845,1,,,0,60,,853,1,,,0,20,,856,1,,,0,20,,849,1,,,0
5200,'1',635,,859,1,,,0,110,,860,1,,,0
5209,'1',1605,,862,1,,,0,110,,861,1,,,0
