100,'73',657,,1743,32,,,0,70,,1754,32,,,0,30,,1761,35,,,0,70,,1735,35,,,0,30,,1752,35,,,0,70,,1762,35,,,0,30,,1736,35,,,0,70,,1753,35,,,0,30,,1757,35,,,0,70,,1737,35,,,0,30,,1744,35,,,0,70,,1758,35,,,0,30,,1738,35,,,0,70,,1745,35,,,0,30,,1759,35,,,0,70,,1739,35,,,0,30,,1746,35,,,0,70,,1755,35,,,0,30,,1733,35,,,0,70,,1747,35,,,0,30,,1756,35,,,0,70,,1734,35,,,0,30,,1748,35,,,0,70,,1760,35,,,0,30,,1740,35,,,0,70,,1749,35,,,0,30,,1763,35,,,0,70,,1741,35,,,0,30,,1750,35,,,0,70,,1764,35,,,0,30,,1742,35,,,0,70,,1751,35,,,0
100,'74',757,,1780,32,,,0,70,,1770,32,,,0,30,,1772,35,,,0,70,,1782,35,,,0,30,,1771,35,,,0,70,,1773,35,,,0,30,,1786,35,,,0,70,,1765,35,,,0,30,,1774,35,,,0,70,,1779,35,,,0,30,,1766,35,,,0,70,,1775,35,,,0,30,,1783,35,,,0,70,,1767,35,,,0,30,,1776,35,,,0,70,,1784,35,,,0,30,,1768,35,,,0,70,,1777,35,,,0,30,,1785,35,,,0,70,,1769,35,,,0,30,,1778,35,,,0,70,,1781,35,,,0
100,'75',627,,1813,32,,,0,30,,1797,32,,,0,55,,1826,32,,,0,15,,1803,35,,,0,15,,1828,35,,,0,15,,1819,35,,,0,55,,1821,35,,,0,15,,1787,35,,,0,15,,1824,35,,,0,15,,1798,35,,,0,55,,1829,35,,,0,15,,1820,35,,,0,30,,1791,35,,,0,70,,1799,35,,,0,30,,1812,35,,,0,70,,1792,35,,,0,30,,1804,35,,,0,70,,1810,35,,,0,30,,1793,35,,,0,70,,1805,35,,,0,30,,1809,35,,,0,70,,1794,35,,,0,30,,1806,35,,,0,55,,1832,32,,,0,15,,1815,35,,,0,15,,1823,32,,,0,15,,1795,35,,,0,55,,1827,32,,,0,15,,1807,35,,,0,15,,1830,35,,,0,15,,1816,35,,,0,55,,1822,35,,,0,15,,1796,35,,,0,15,,1825,35,,,0,15,,1800,35,,,0,55,,1831,35,,,0,15,,1817,35,,,0,30,,1788,35,,,0,70,,1801,35,,,0,30,,1818,35,,,0,70,,1789,35,,,0,30,,1802,35,,,0,70,,1811,35,,,0,30,,1790,35,,,0,70,,1808,35,,,0,30,,1814,35,,,0
300,'73',643,,1956,34,,,0,70,,1935,34,,,0,30,,1949,34,,,0,70,,1957,34,,,0,30,,1936,34,,,0,70,,1950,34,,,0,30,,1958,34,,,0,70,,1937,34,,,0,30,,1951,34,,,0,70,,1966,34,,,0,30,,1938,34,,,0,70,,1947,34,,,0,30,,1960,34,,,0,70,,1939,34,,,0,30,,1948,34,,,0,70,,1965,34,,,0,30,,1940,34,,,0,70,,1953,34,,,0,30,,1959,34,,,0,70,,1941,34,,,0,30,,1954,34,,,0,70,,1961,34,,,0,30,,1942,34,,,0,70,,1952,34,,,0,30,,1962,34,,,0,70,,1943,34,,,0,30,,1955,34,,,0,70,,1963,34,,,0,30,,1944,34,,,0,70,,1946,34,,,0,30,,1964,34,,,0,70,,1945,34,,,0
300,'74',743,,1981,34,,,0,70,,1989,34,,,0,30,,1969,34,,,0,70,,1974,34,,,0,30,,1985,34,,,0,70,,1968,34,,,0,30,,1975,34,,,0,70,,1983,34,,,0,30,,1970,34,,,0,70,,1976,34,,,0,30,,1984,34,,,0,70,,1971,34,,,0,30,,1977,34,,,0,70,,1987,34,,,0,30,,1972,34,,,0,70,,1978,34,,,0,30,,1988,34,,,0,70,,1973,34,,,0,30,,1979,34,,,0,70,,1982,34,,,0,30,,1967,34,,,0,70,,1980,34,,,0
300,'75',613,,2011,34,,,0,30,,2024,34,,,0,70,,1998,34,,,0,30,,2012,34,,,0,70,,2019,34,,,0,30,,1995,34,,,0,70,,2007,34,,,0,30,,2014,34,,,0,70,,1996,34,,,0,30,,2001,34,,,0,70,,2020,34,,,0,30,,1997,34,,,0,70,,2008,34,,,0,30,,2015,34,,,0,70,,1990,34,,,0,30,,2002,34,,,0,70,,2016,34,,,0,30,,1991,34,,,0,70,,2003,34,,,0,30,,2017,34,,,0,70,,1992,34,,,0,30,,2004,34,,,0,70,,2018,34,,,0,30,,1993,34,,,0,70,,2009,34,,,0,30,,2013,34,,,0,70,,1994,34,,,0,30,,2006,34,,,0,70,,2022,34,,,0,30,,1999,34,,,0,70,,2010,34,,,0,30,,2023,34,,,0,70,,2000,34,,,0,30,,2005,34,,,0,70,,2021,34,,,0
900,'75',626,,2116,34,,,0,30,,2132,34,,,0,70,,2138,34,,,0,30,,2117,34,,,0,70,,2125,34,,,0,30,,2133,34,,,0,70,,2118,34,,,0,30,,2126,34,,,0,70,,2134,34,,,0,30,,2119,34,,,0,70,,2127,34,,,0,30,,2135,34,,,0,70,,2120,34,,,0,30,,2128,34,,,0,70,,2136,34,,,0,30,,2121,34,,,0,70,,2129,34,,,0,30,,2137,34,,,0,70,,2122,34,,,0,30,,2130,34,,,0,70,,2139,34,,,0,30,,2123,34,,,0,70,,2131,34,,,0,30,,2140,34,,,0,70,,2124,34,,,0
1500,'73',722,,2188,4,,,0,100,,2189,4,,,0,100,,2186,4,,,0,100,,2187,4,,,0,30,,2185,4,,,0,70,,2190,4,,,0,30,,2178,4,,,0,70,,2191,4,,,0,30,,2179,4,,,0,70,,2192,4,,,0,30,,2180,4,,,0,70,,2193,4,,,0,30,,2181,4,,,0,70,,2194,4,,,0,30,,2182,4,,,0,70,,2195,4,,,0,30,,2183,4,,,0,70,,2196,4,,,0,30,,2184,4,,,0,70,,2197,4,,,0,100,,2198,4,,,0,100,,2199,4,,,0,100,,2200,4,,,0,100,,2201,4,,,0
1500,'74',822,,2204,4,,,0,100,,2205,4,,,0,100,,2206,4,,,0,100,,2207,4,,,0,100,,2208,4,,,0,100,,2209,4,,,0,100,,2210,4,,,0,100,,2211,4,,,0,100,,2212,4,,,0,100,,2203,4,,,0,99,,2202,4,,,0
1500,'75',622,,2230,4,,,0,30,,2213,4,,,0,70,,2231,4,,,0,30,,2214,4,,,0,70,,2226,4,,,0,30,,2215,4,,,0,70,,2227,4,,,0,30,,2216,4,,,0,70,,2228,4,,,0,30,,2217,4,,,0,70,,2229,4,,,0,30,,2218,4,,,0,70,,2232,4,,,0,30,,2219,4,,,0,70,,2233,4,,,0,30,,2237,4,,,0,70,,2234,4,,,0,30,,2238,4,,,0,70,,2235,4,,,0,30,,2239,4,,,0,70,,2236,4,,,0,30,,2240,4,,,0,70,,2220,4,,,0,30,,2241,4,,,0,70,,2221,4,,,0,100,,2222,4,,,0,100,,2223,4,,,0,100,,2224,4,,,0,100,,2225,4,,,0
2300,'73',755,,2397,4,,,0,100,,2398,4,,,0,100,,2399,4,,,0,100,,2400,4,,,0,100,,2401,4,,,0,100,,2393,4,,,0,100,,2394,4,,,0,100,,2395,4,,,0,100,,2396,4,,,0,100,,2392,4,,,0,102,,2391,4,,,0
2300,'75',625,,2417,4,,,0,30,,2403,4,,,0,70,,2418,4,,,0,30,,2404,4,,,0,70,,2425,4,,,0,30,,2405,4,,,0,70,,2419,4,,,0,30,,2406,4,,,0,70,,2420,4,,,0,30,,2407,4,,,0,70,,2421,4,,,0,30,,2408,4,,,0,70,,2426,4,,,0,30,,2409,4,,,0,70,,2427,4,,,0,30,,2410,4,,,0,70,,2428,4,,,0,30,,2411,4,,,0,70,,2422,4,,,0,30,,2412,4,,,0,70,,2423,4,,,0,30,,2413,4,,,0,70,,2424,4,,,0,30,,2414,4,,,0,100,,2415,4,,,0,100,,2416,4,,,0,102,,2402,4,,,0
