100,'73',659,,1743,33,,,0,70,,1754,33,,,0,30,,1761,36,,,0,70,,1735,36,,,0,30,,1752,36,,,0,70,,1762,36,,,0,30,,1736,36,,,0,70,,1753,36,,,0,30,,1757,36,,,0,70,,1737,36,,,0,30,,1744,36,,,0,70,,1758,36,,,0,30,,1738,36,,,0,70,,1745,36,,,0,30,,1759,36,,,0,70,,1739,36,,,0,30,,1746,36,,,0,70,,1755,36,,,0,30,,1733,36,,,0,70,,1747,36,,,0,30,,1756,36,,,0,70,,1734,36,,,0,30,,1748,36,,,0,70,,1760,36,,,0,30,,1740,36,,,0,70,,1749,36,,,0,30,,1763,36,,,0,70,,1741,36,,,0,30,,1750,36,,,0,70,,1764,36,,,0,30,,1742,36,,,0,70,,1751,36,,,0
100,'74',759,,1780,33,,,0,70,,1770,33,,,0,30,,1772,36,,,0,70,,1782,36,,,0,30,,1771,36,,,0,70,,1773,36,,,0,30,,1786,36,,,0,70,,1765,36,,,0,30,,1774,36,,,0,70,,1779,36,,,0,30,,1766,36,,,0,70,,1775,36,,,0,30,,1783,36,,,0,70,,1767,36,,,0,30,,1776,36,,,0,70,,1784,36,,,0,30,,1768,36,,,0,70,,1777,36,,,0,30,,1785,36,,,0,70,,1769,36,,,0,30,,1778,36,,,0,70,,1781,36,,,0
100,'75',629,,1813,33,,,0,30,,1797,33,,,0,55,,1826,33,,,0,15,,1803,36,,,0,15,,1828,36,,,0,15,,1819,36,,,0,55,,1821,36,,,0,15,,1787,36,,,0,15,,1824,36,,,0,15,,1798,36,,,0,55,,1829,36,,,0,15,,1820,36,,,0,30,,1791,36,,,0,70,,1799,36,,,0,30,,1812,36,,,0,70,,1792,36,,,0,30,,1804,36,,,0,70,,1810,36,,,0,30,,1793,36,,,0,70,,1805,36,,,0,30,,1809,36,,,0,70,,1794,36,,,0,30,,1806,36,,,0,55,,1832,33,,,0,15,,1815,36,,,0,15,,1823,33,,,0,15,,1795,36,,,0,55,,1827,33,,,0,15,,1807,36,,,0,15,,1830,36,,,0,15,,1816,36,,,0,55,,1822,36,,,0,15,,1796,36,,,0,15,,1825,36,,,0,15,,1800,36,,,0,55,,1831,36,,,0,15,,1817,36,,,0,30,,1788,36,,,0,70,,1801,36,,,0,30,,1818,36,,,0,70,,1789,36,,,0,30,,1802,36,,,0,70,,1811,36,,,0,30,,1790,36,,,0,70,,1808,36,,,0,30,,1814,36,,,0
300,'73',644,,1956,35,,,0,70,,1935,35,,,0,30,,1949,35,,,0,70,,1957,35,,,0,30,,1936,35,,,0,70,,1950,35,,,0,30,,1958,35,,,0,70,,1937,35,,,0,30,,1951,35,,,0,70,,1966,35,,,0,30,,1938,35,,,0,70,,1947,35,,,0,30,,1960,35,,,0,70,,1939,35,,,0,30,,1948,35,,,0,70,,1965,35,,,0,30,,1940,35,,,0,70,,1953,35,,,0,30,,1959,35,,,0,70,,1941,35,,,0,30,,1954,35,,,0,70,,1961,35,,,0,30,,1942,35,,,0,70,,1952,35,,,0,30,,1962,35,,,0,70,,1943,35,,,0,30,,1955,35,,,0,70,,1963,35,,,0,30,,1944,35,,,0,70,,1946,35,,,0,30,,1964,35,,,0,70,,1945,35,,,0
300,'74',744,,1981,35,,,0,70,,1989,35,,,0,30,,1969,35,,,0,70,,1974,35,,,0,30,,1985,35,,,0,70,,1968,35,,,0,30,,1975,35,,,0,70,,1983,35,,,0,30,,1970,35,,,0,70,,1976,35,,,0,30,,1984,35,,,0,70,,1971,35,,,0,30,,1977,35,,,0,70,,1987,35,,,0,30,,1972,35,,,0,70,,1978,35,,,0,30,,1988,35,,,0,70,,1973,35,,,0,30,,1979,35,,,0,70,,1982,35,,,0,30,,1967,35,,,0,70,,1980,35,,,0
300,'75',614,,2011,35,,,0,30,,2024,35,,,0,70,,1998,35,,,0,30,,2012,35,,,0,70,,2019,35,,,0,30,,1995,35,,,0,70,,2007,35,,,0,30,,2014,35,,,0,70,,1996,35,,,0,30,,2001,35,,,0,70,,2020,35,,,0,30,,1997,35,,,0,70,,2008,35,,,0,30,,2015,35,,,0,70,,1990,35,,,0,30,,2002,35,,,0,70,,2016,35,,,0,30,,1991,35,,,0,70,,2003,35,,,0,30,,2017,35,,,0,70,,1992,35,,,0,30,,2004,35,,,0,70,,2018,35,,,0,30,,1993,35,,,0,70,,2009,35,,,0,30,,2013,35,,,0,70,,1994,35,,,0,30,,2006,35,,,0,70,,2022,35,,,0,30,,1999,35,,,0,70,,2010,35,,,0,30,,2023,35,,,0,70,,2000,35,,,0,30,,2005,35,,,0,70,,2021,35,,,0
900,'75',627,,2116,35,,,0,30,,2132,35,,,0,70,,2138,35,,,0,30,,2117,35,,,0,70,,2125,35,,,0,30,,2133,35,,,0,70,,2118,35,,,0,30,,2126,35,,,0,70,,2134,35,,,0,30,,2119,35,,,0,70,,2127,35,,,0,30,,2135,35,,,0,70,,2120,35,,,0,30,,2128,35,,,0,70,,2136,35,,,0,30,,2121,35,,,0,70,,2129,35,,,0,30,,2137,35,,,0,70,,2122,35,,,0,30,,2130,35,,,0,70,,2139,35,,,0,30,,2123,35,,,0,70,,2131,35,,,0,30,,2140,35,,,0,70,,2124,35,,,0
1500,'73',724,,2188,5,,,0,100,,2189,5,,,0,100,,2186,5,,,0,100,,2187,5,,,0,30,,2185,5,,,0,70,,2190,5,,,0,30,,2178,5,,,0,70,,2191,5,,,0,30,,2179,5,,,0,70,,2192,5,,,0,30,,2180,5,,,0,70,,2193,5,,,0,30,,2181,5,,,0,70,,2194,5,,,0,30,,2182,5,,,0,70,,2195,5,,,0,30,,2183,5,,,0,70,,2196,5,,,0,30,,2184,5,,,0,70,,2197,5,,,0,100,,2198,5,,,0,100,,2199,5,,,0,100,,2200,5,,,0,100,,2201,5,,,0
1500,'74',824,,2204,5,,,0,100,,2205,5,,,0,100,,2206,5,,,0,100,,2207,5,,,0,100,,2208,5,,,0,100,,2209,5,,,0,100,,2210,5,,,0,100,,2211,5,,,0,100,,2212,5,,,0,100,,2203,5,,,0,98,,2202,5,,,0
1500,'75',624,,2230,5,,,0,30,,2213,5,,,0,70,,2231,5,,,0,30,,2214,5,,,0,70,,2226,5,,,0,30,,2215,5,,,0,70,,2227,5,,,0,30,,2216,5,,,0,70,,2228,5,,,0,30,,2217,5,,,0,70,,2229,5,,,0,30,,2218,5,,,0,70,,2232,5,,,0,30,,2219,5,,,0,70,,2233,5,,,0,30,,2237,5,,,0,70,,2234,5,,,0,30,,2238,5,,,0,70,,2235,5,,,0,30,,2239,5,,,0,70,,2236,5,,,0,30,,2240,5,,,0,70,,2220,5,,,0,30,,2241,5,,,0,70,,2221,5,,,0,100,,2222,5,,,0,100,,2223,5,,,0,100,,2224,5,,,0,100,,2225,5,,,0
2300,'73',756,,2397,5,,,0,100,,2398,5,,,0,100,,2399,5,,,0,100,,2400,5,,,0,100,,2401,5,,,0,100,,2393,5,,,0,100,,2394,5,,,0,100,,2395,5,,,0,100,,2396,5,,,0,100,,2392,5,,,0,103,,2391,5,,,0
2300,'75',626,,2417,5,,,0,30,,2403,5,,,0,70,,2418,5,,,0,30,,2404,5,,,0,70,,2425,5,,,0,30,,2405,5,,,0,70,,2419,5,,,0,30,,2406,5,,,0,70,,2420,5,,,0,30,,2407,5,,,0,70,,2421,5,,,0,30,,2408,5,,,0,70,,2426,5,,,0,30,,2409,5,,,0,70,,2427,5,,,0,30,,2410,5,,,0,70,,2428,5,,,0,30,,2411,5,,,0,70,,2422,5,,,0,30,,2412,5,,,0,70,,2423,5,,,0,30,,2413,5,,,0,70,,2424,5,,,0,30,,2414,5,,,0,100,,2415,5,,,0,100,,2416,5,,,0,103,,2402,5,,,0
