101,'70',700,,991,13,,,0,30,,965,13,,,0,70,,980,13,,,0,30,,992,13,,,0,70,,966,13,,,0,30,,981,13,,,0,70,,993,13,,,0,30,,967,13,,,0,70,,982,13,,,0,30,,990,13,,,0,70,,968,13,,,0,30,,974,13,,,0,70,,994,13,,,0,30,,969,13,,,0,70,,975,13,,,0,30,,984,13,,,0,70,,963,13,,,0,30,,976,13,,,0,70,,985,13,,,0,30,,970,13,,,0,70,,977,13,,,0,30,,987,13,,,0,70,,971,13,,,0,30,,978,13,,,0,70,,988,13,,,0,30,,972,13,,,0,70,,983,13,,,0,30,,989,13,,,0,70,,973,13,,,0,30,,979,13,,,0,70,,986,13,,,0,30,,964,13,,,0
101,'71',800,,1003,13,,,0,30,,1013,13,,,0,70,,997,13,,,0,30,,1004,13,,,0,70,,1012,13,,,0,30,,998,13,,,0,70,,1005,13,,,0,30,,1010,13,,,0,70,,999,13,,,0,30,,1006,13,,,0,70,,1011,13,,,0,30,,996,13,,,0,70,,1007,13,,,0,30,,1015,13,,,0,70,,1000,13,,,0,30,,1008,13,,,0,70,,1016,13,,,0,30,,1001,13,,,0,70,,1009,13,,,0,30,,1014,13,,,0,70,,995,13,,,0,30,,1002,13,,,0
101,'72',630,,1034,13,,,0,15,,1063,13,,,0,55,,1049,13,,,0,15,,1054,13,,,0,15,,1023,13,,,0,15,,1057,13,,,0,55,,1035,13,,,0,15,,1064,13,,,0,15,,1050,13,,,0,15,,1052,13,,,0,55,,1022,13,,,0,15,,1058,13,,,0,15,,1036,13,,,0,15,,1061,13,,,0,55,,1041,13,,,0,30,,1024,13,,,0,70,,1037,13,,,0,30,,1042,13,,,0,70,,1025,13,,,0,30,,1038,13,,,0,70,,1043,13,,,0,30,,1026,13,,,0,70,,1039,13,,,0,30,,1044,13,,,0,70,,1018,13,,,0,30,,1028,13,,,0,15,,1062,13,,,0,55,,1045,13,,,0,15,,1055,13,,,0,15,,1027,13,,,0,15,,1059,13,,,0,55,,1030,13,,,0,15,,1060,13,,,0,15,,1046,13,,,0,15,,1053,13,,,0,55,,1019,13,,,0,15,,1056,13,,,0,15,,1032,13,,,0,70,,1047,13,,,0,30,,1020,13,,,0,70,,1033,13,,,0,30,,1048,13,,,0,70,,1021,13,,,0,30,,1029,13,,,0,70,,1051,13,,,0,30,,1017,13,,,0,70,,1031,13,,,0,30,,1040,13,,,0
301,'70',715,,1183,20,,,0,30,,1162,20,,,0,70,,1166,20,,,0,30,,1184,20,,,0,70,,1155,20,,,0,30,,1167,20,,,0,70,,1185,20,,,0,30,,1156,20,,,0,70,,1168,20,,,0,30,,1186,20,,,0,70,,1157,20,,,0,30,,1172,20,,,0,70,,1176,20,,,0,30,,1158,20,,,0,70,,1173,20,,,0,30,,1177,20,,,0,70,,1159,20,,,0,30,,1174,20,,,0,70,,1178,20,,,0,30,,1160,20,,,0,70,,1175,20,,,0,30,,1179,20,,,0,70,,1161,20,,,0,30,,1169,20,,,0,70,,1180,20,,,0,30,,1163,20,,,0,70,,1170,20,,,0,30,,1181,20,,,0,70,,1164,20,,,0,30,,1171,20,,,0,70,,1182,20,,,0,30,,1165,20,,,0
301,'71',745,,1187,20,,,0,70,,1195,20,,,0,30,,1209,20,,,0,70,,1188,20,,,0,30,,1196,20,,,0,70,,1203,20,,,0,30,,1189,20,,,0,70,,1197,20,,,0,30,,1204,20,,,0,70,,1190,20,,,0,30,,1198,20,,,0,70,,1205,20,,,0,30,,1191,20,,,0,70,,1199,20,,,0,30,,1206,20,,,0,70,,1192,20,,,0,30,,1200,20,,,0,70,,1207,20,,,0,30,,1193,20,,,0,70,,1201,20,,,0,30,,1208,20,,,0,70,,1194,20,,,0,30,,1202,20,,,0
301,'72',615,,1221,20,,,0,30,,1222,20,,,0,70,,1238,20,,,0,30,,1218,20,,,0,70,,1223,20,,,0,30,,1239,20,,,0,70,,1219,20,,,0,30,,1224,20,,,0,70,,1240,20,,,0,30,,1220,20,,,0,70,,1225,20,,,0,30,,1236,20,,,0,70,,1210,20,,,0,30,,1226,20,,,0,70,,1237,20,,,0,30,,1211,20,,,0,70,,1227,20,,,0,30,,1234,20,,,0,70,,1212,20,,,0,30,,1228,20,,,0,70,,1241,20,,,0,30,,1213,20,,,0,70,,1229,20,,,0,30,,1242,20,,,0,70,,1214,20,,,0,30,,1230,20,,,0,70,,1243,20,,,0,30,,1215,20,,,0,70,,1231,20,,,0,30,,1244,20,,,0,70,,1216,20,,,0,30,,1232,20,,,0,70,,1235,20,,,0,30,,1217,20,,,0,70,,1233,20,,,0,30,,1245,20,0,14 15,0
901,'72',630,,1287,19,,,0,70,,1271,19,,,0,30,,1280,19,,,0,70,,1294,19,,,0,30,,1272,19,,,0,70,,1281,19,,,0,30,,1295,19,,,0,70,,1273,19,,,0,30,,1279,19,,,0,70,,1289,19,,,0,30,,1274,19,,,0,70,,1282,19,,,0,30,,1290,19,,,0,70,,1275,19,,,0,30,,1285,19,,,0,70,,1291,19,,,0,30,,1278,19,,,0,70,,1286,19,,,0,30,,1292,19,,,0,70,,1276,19,,,0,30,,1283,19,,,0,70,,1293,19,,,0,30,,1277,19,,,0,70,,1284,19,,,0,30,,1288,19,,,0
1501,'70',705,,1389,27,,,0,100,,1393,31,,,0,100,,1386,31,,,0,100,,1390,31,,,0,100,,1392,31,,,0,30,,1373,31,,,0,70,,1381,31,,,0,30,,1374,31,,,0,70,,1382,31,,,0,30,,1375,31,,,0,70,,1383,31,,,0,30,,1376,31,,,0,70,,1384,31,,,0,30,,1377,31,,,0,70,,1385,31,,,0,30,,1378,31,,,0,70,,1391,31,,,0,30,,1379,31,,,0,70,,1387,31,,,0,30,,1372,31,,,0,70,,1395,31,,,0,100,,1388,31,,,0,100,,1380,31,,,0,100,,1394,31,,,0,100,,1396,31,,,0
1501,'71',805,,1404,27,,,0,100,,1403,31,,,0,100,,1401,31,,,0,100,,1402,31,,,0,100,,1400,31,,,0,100,,1406,31,,,0,100,,1407,31,,,0,100,,1398,31,,,0,100,,1399,31,,,0,100,,1397,31,,,0,100,,1405,31,,,0
1501,'72',635,,1410,27,,,0,70,,1416,31,,,0,30,,1411,31,,,0,70,,1431,31,,,0,30,,1412,31,,,0,70,,1426,31,,,0,30,,1413,31,,,0,70,,1427,31,,,0,30,,1408,31,,,0,70,,1432,31,,,0,30,,1414,31,,,0,70,,1419,31,,,0,30,,1415,31,,,0,70,,1422,31,,,0,30,,1409,31,,,0,70,,1417,31,,,0,30,,1437,31,,,0,70,,1420,31,,,0,30,,1434,31,,,0,70,,1421,31,,,0,30,,1435,31,,,0,70,,1430,31,,,0,30,,1436,31,,,0,70,,1423,31,,,0,30,,1433,31,,,0,70,,1424,31,,,0,100,,1425,31,,,0,100,,1428,31,,,0,100,,1429,31,,,0,100,,1418,31,,,0
2000,'70',824,,1455,22,4,,0,100,,1456,22,4,,0,100,,1438,22,4,,0,100,,1439,22,4,,0,100,,1451,22,4,,0,100,,1452,22,4,,0,100,,1453,22,4,,0,100,,1454,22,4,,0,100,,1449,22,4,,0,100,,1450,22,4,,0
2000,'72',625,,1473,22,4,,0,100,,1474,22,4,,0,100,,1475,22,4,,0,100,,1476,22,4,,0,100,,1477,22,4,,0,100,,1478,22,4,,0,100,,1469,22,4,,0,100,,1470,22,4,,0,100,,1471,22,4,,0,100,,1472,22,4,,0,100,,1479,22,4,,0,100,,1480,22,4,,0,100,,1481,22,4,,0
2300,'70',815,,1527,28,,,0,100,,1528,28,,,0,100,,1529,28,,,0,100,,1530,28,,,0,100,,1531,28,,,0,100,,1523,28,,,0,100,,1524,28,,,0,100,,1525,28,,,0,100,,1526,28,,,0,100,,1522,28,,,0,100,,1521,28,,,0
2300,'72',645,,1547,28,,,0,70,,1533,28,,,0,30,,1548,28,,,0,70,,1534,28,,,0,30,,1555,28,,,0,70,,1535,28,,,0,30,,1549,28,,,0,70,,1536,28,,,0,30,,1550,28,,,0,70,,1537,28,,,0,30,,1551,28,,,0,70,,1538,28,,,0,30,,1556,28,,,0,70,,1539,28,,,0,30,,1557,28,,,0,70,,1540,28,,,0,30,,1558,28,,,0,70,,1541,28,,,0,30,,1552,28,,,0,70,,1542,28,,,0,30,,1553,28,,,0,70,,1543,28,,,0,30,,1554,28,,,0,70,,1544,28,,,0,100,,1545,28,,,0,100,,1546,28,,,0,100,,1532,28,,,0
2400,'70',745,,1566,28,4,,0,100,,1567,28,4,,0,100,,1568,28,4,,0,100,,1569,28,4,,0,100,,1564,28,4,,0,100,,1565,28,4,,0,100,,1559,28,4,,0,100,,1560,28,4,,0,100,,1561,28,4,,0,100,,1562,28,4,,0,100,,1563,28,4,,0
2400,'72',645,,1570,28,4,,0,100,,1571,28,4,,0,100,,1572,28,4,,0,100,,1573,28,4,,0,100,,1574,28,4,,0,100,,1575,28,4,,0,100,,1576,28,4,,0,100,,1577,28,4,,0,100,,1578,28,4,,0,100,,1579,28,4,,0,100,,1580,28,4,,0,100,,1581,28,4,,0
