100,'73',700,,1743,34,,,0,30,,1754,34,,,0,70,,1761,37,,,0,30,,1735,37,,,0,70,,1752,37,,,0,30,,1762,37,,,0,70,,1736,37,,,0,30,,1753,37,,,0,70,,1757,37,,,0,30,,1737,37,,,0,70,,1744,37,,,0,30,,1758,37,,,0,70,,1738,37,,,0,30,,1745,37,,,0,70,,1759,37,,,0,30,,1739,37,,,0,70,,1746,37,,,0,30,,1755,37,,,0,70,,1733,37,,,0,30,,1747,37,,,0,70,,1756,37,,,0,30,,1734,37,,,0,70,,1748,37,,,0,30,,1760,37,,,0,70,,1740,37,,,0,30,,1749,37,,,0,70,,1763,37,,,0,30,,1741,37,,,0,70,,1750,37,,,0,30,,1764,37,,,0,70,,1742,37,,,0,30,,1751,37,,,0
100,'74',800,,1780,34,,,0,30,,1770,34,,,0,70,,1772,37,,,0,30,,1782,37,,,0,70,,1771,37,,,0,30,,1773,37,,,0,70,,1786,37,,,0,30,,1765,37,,,0,70,,1774,37,,,0,30,,1779,37,,,0,70,,1766,37,,,0,30,,1775,37,,,0,70,,1783,37,,,0,30,,1767,37,,,0,70,,1776,37,,,0,30,,1784,37,,,0,70,,1768,37,,,0,30,,1777,37,,,0,70,,1785,37,,,0,30,,1769,37,,,0,70,,1778,37,,,0,30,,1781,37,,,0
100,'75',630,,1813,34,,,0,70,,1797,34,,,0,15,,1826,34,,,0,15,,1803,37,,,0,15,,1828,37,,,0,55,,1819,37,,,0,15,,1821,37,,,0,15,,1787,37,,,0,15,,1824,37,,,0,55,,1798,37,,,0,15,,1829,37,,,0,15,,1820,37,,,0,70,,1791,37,,,0,30,,1799,37,,,0,70,,1812,37,,,0,30,,1792,37,,,0,70,,1804,37,,,0,30,,1810,37,,,0,70,,1793,37,,,0,30,,1805,37,,,0,70,,1809,37,,,0,30,,1794,37,,,0,70,,1806,37,,,0,15,,1832,34,,,0,15,,1815,37,,,0,15,,1823,34,,,0,55,,1795,37,,,0,15,,1827,34,,,0,15,,1807,37,,,0,15,,1830,37,,,0,55,,1816,37,,,0,15,,1822,37,,,0,15,,1796,37,,,0,15,,1825,37,,,0,55,,1800,37,,,0,15,,1831,37,,,0,15,,1817,37,,,0,70,,1788,37,,,0,30,,1801,37,,,0,70,,1818,37,,,0,30,,1789,37,,,0,70,,1802,37,,,0,30,,1811,37,,,0,70,,1790,37,,,0,30,,1808,37,,,0,70,,1814,37,,,0
300,'73',645,,1956,36,,,0,70,,1935,36,,,0,30,,1949,36,,,0,70,,1957,36,,,0,30,,1936,36,,,0,70,,1950,36,,,0,30,,1958,36,,,0,70,,1937,36,,,0,30,,1951,36,,,0,70,,1966,36,,,0,30,,1938,36,,,0,70,,1947,36,,,0,30,,1960,36,,,0,70,,1939,36,,,0,30,,1948,36,,,0,70,,1965,36,,,0,30,,1940,36,,,0,70,,1953,36,,,0,30,,1959,36,,,0,70,,1941,36,,,0,30,,1954,36,,,0,70,,1961,36,,,0,30,,1942,36,,,0,70,,1952,36,,,0,30,,1962,36,,,0,70,,1943,36,,,0,30,,1955,36,,,0,70,,1963,36,,,0,30,,1944,36,,,0,70,,1946,36,,,0,30,,1964,36,,,0,70,,1945,36,,,0
300,'74',745,,1981,36,,,0,70,,1989,36,,,0,30,,1969,36,,,0,70,,1974,36,,,0,30,,1985,36,,,0,70,,1968,36,,,0,30,,1975,36,,,0,70,,1983,36,,,0,30,,1970,36,,,0,70,,1976,36,,,0,30,,1984,36,,,0,70,,1971,36,,,0,30,,1977,36,,,0,70,,1987,36,,,0,30,,1972,36,,,0,70,,1978,36,,,0,30,,1988,36,,,0,70,,1973,36,,,0,30,,1979,36,,,0,70,,1982,36,,,0,30,,1967,36,,,0,70,,1980,36,,,0
300,'75',615,,2011,36,,,0,30,,2024,36,,,0,70,,1998,36,,,0,30,,2012,36,,,0,70,,2019,36,,,0,30,,1995,36,,,0,70,,2007,36,,,0,30,,2014,36,,,0,70,,1996,36,,,0,30,,2001,36,,,0,70,,2020,36,,,0,30,,1997,36,,,0,70,,2008,36,,,0,30,,2015,36,,,0,70,,1990,36,,,0,30,,2002,36,,,0,70,,2016,36,,,0,30,,1991,36,,,0,70,,2003,36,,,0,30,,2017,36,,,0,70,,1992,36,,,0,30,,2004,36,,,0,70,,2018,36,,,0,30,,1993,36,,,0,70,,2009,36,,,0,30,,2013,36,,,0,70,,1994,36,,,0,30,,2006,36,,,0,70,,2022,36,,,0,30,,1999,36,,,0,70,,2010,36,,,0,30,,2023,36,,,0,70,,2000,36,,,0,30,,2005,36,,,0,70,,2021,36,,,0
900,'75',630,,2116,36,,,0,70,,2132,36,,,0,30,,2138,36,,,0,70,,2117,36,,,0,30,,2125,36,,,0,70,,2133,36,,,0,30,,2118,36,,,0,70,,2126,36,,,0,30,,2134,36,,,0,70,,2119,36,,,0,30,,2127,36,,,0,70,,2135,36,,,0,30,,2120,36,,,0,70,,2128,36,,,0,30,,2136,36,,,0,70,,2121,36,,,0,30,,2129,36,,,0,70,,2137,36,,,0,30,,2122,36,,,0,70,,2130,36,,,0,30,,2139,36,,,0,70,,2123,36,,,0,30,,2131,36,,,0,70,,2140,36,,,0,30,,2124,36,,,0
1500,'73',725,,2188,6,,,0,100,,2189,6,,,0,100,,2186,6,,,0,100,,2187,6,,,0,30,,2185,6,,,0,70,,2190,6,,,0,30,,2178,6,,,0,70,,2191,6,,,0,30,,2179,6,,,0,70,,2192,6,,,0,30,,2180,6,,,0,70,,2193,6,,,0,30,,2181,6,,,0,70,,2194,6,,,0,30,,2182,6,,,0,70,,2195,6,,,0,30,,2183,6,,,0,70,,2196,6,,,0,30,,2184,6,,,0,70,,2197,6,,,0,100,,2198,6,,,0,100,,2199,6,,,0,100,,2200,6,,,0,100,,2201,6,,,0
1500,'74',825,,2204,6,,,0,100,,2205,6,,,0,100,,2206,6,,,0,100,,2207,6,,,0,100,,2208,6,,,0,100,,2209,6,,,0,100,,2210,6,,,0,100,,2211,6,,,0,100,,2212,6,,,0,100,,2203,6,,,0,100,,2202,6,,,0
1500,'75',625,,2230,6,,,0,30,,2213,6,,,0,70,,2231,6,,,0,30,,2214,6,,,0,70,,2226,6,,,0,30,,2215,6,,,0,70,,2227,6,,,0,30,,2216,6,,,0,70,,2228,6,,,0,30,,2217,6,,,0,70,,2229,6,,,0,30,,2218,6,,,0,70,,2232,6,,,0,30,,2219,6,,,0,70,,2233,6,,,0,30,,2237,6,,,0,70,,2234,6,,,0,30,,2238,6,,,0,70,,2235,6,,,0,30,,2239,6,,,0,70,,2236,6,,,0,30,,2240,6,,,0,70,,2220,6,,,0,30,,2241,6,,,0,70,,2221,6,,,0,100,,2222,6,,,0,100,,2223,6,,,0,100,,2224,6,,,0,100,,2225,6,,,0
2300,'73',800,,2397,6,,,0,100,,2398,6,,,0,100,,2399,6,,,0,100,,2400,6,,,0,100,,2401,6,,,0,100,,2393,6,,,0,100,,2394,6,,,0,100,,2395,6,,,0,100,,2396,6,,,0,100,,2392,6,,,0,100,,2391,6,,,0
2300,'75',630,,2417,6,,,0,70,,2403,6,,,0,30,,2418,6,,,0,70,,2404,6,,,0,30,,2425,6,,,0,70,,2405,6,,,0,30,,2419,6,,,0,70,,2406,6,,,0,30,,2420,6,,,0,70,,2407,6,,,0,30,,2421,6,,,0,70,,2408,6,,,0,30,,2426,6,,,0,70,,2409,6,,,0,30,,2427,6,,,0,70,,2410,6,,,0,30,,2428,6,,,0,70,,2411,6,,,0,30,,2422,6,,,0,70,,2412,6,,,0,30,,2423,6,,,0,70,,2413,6,,,0,30,,2424,6,,,0,70,,2414,6,,,0,100,,2415,6,,,0,100,,2416,6,,,0,100,,2402,6,,,0
