100,'70',656,,873,31,,,0,70,,884,31,,,0,31,,891,34,,,0,70,,865,34,,,0,30,,882,34,,,0,70,,892,34,,,0,30,,866,34,,,0,70,,883,34,,,0,30,,887,34,,,0,70,,867,34,,,0,30,,874,34,,,0,70,,888,34,,,0,30,,868,34,,,0,70,,875,34,,,0,30,,889,34,,,0,70,,869,34,,,0,30,,876,34,,,0,70,,885,34,,,0,30,,863,34,,,0,70,,877,34,,,0,30,,886,34,,,0,70,,864,34,,,0,30,,878,34,,,0,70,,890,34,,,0,30,,870,34,,,0,70,,879,34,,,0,30,,893,34,,,0,70,,871,34,,,0,30,,880,34,,,0,70,,894,34,,,0,30,,872,34,,,0,70,,881,34,,,0
100,'71',756,,910,31,,,0,70,,900,31,,,0,31,,902,34,,,0,70,,912,34,,,0,30,,901,34,,,0,70,,903,34,,,0,30,,916,34,,,0,70,,895,34,,,0,30,,904,34,,,0,70,,909,34,,,0,30,,896,34,,,0,70,,905,34,,,0,30,,913,34,,,0,70,,897,34,,,0,30,,906,34,,,0,70,,914,34,,,0,30,,898,34,,,0,70,,907,34,,,0,30,,915,34,,,0,70,,899,34,,,0,30,,908,34,,,0,70,,911,34,,,0
100,'72',626,,943,31,,,0,30,,927,31,,,0,55,,956,31,,,0,16,,933,34,,,0,15,,958,34,,,0,15,,949,34,,,0,55,,951,34,,,0,15,,917,34,,,0,15,,954,34,,,0,15,,928,34,,,0,55,,959,34,,,0,15,,950,34,,,0,30,,921,34,,,0,70,,929,34,,,0,30,,942,34,,,0,70,,922,34,,,0,30,,934,34,,,0,70,,940,34,,,0,30,,923,34,,,0,70,,935,34,,,0,30,,939,34,,,0,70,,924,34,,,0,30,,936,34,,,0,54,,962,31,,,0,16,,945,34,,,0,14,,953,31,,,0,16,,925,34,,,0,54,,957,31,,,0,16,,937,34,,,0,15,,960,34,,,0,15,,946,34,,,0,55,,952,34,,,0,15,,926,34,,,0,15,,955,34,,,0,15,,930,34,,,0,55,,961,34,,,0,15,,947,34,,,0,30,,918,34,,,0,70,,931,34,,,0,30,,948,34,,,0,70,,919,34,,,0,30,,932,34,,,0,70,,941,34,,,0,30,,920,34,,,0,70,,938,34,,,0,30,,944,34,,,0
300,'70',642,,1086,33,,,0,70,,1065,33,,,0,30,,1079,33,,,0,70,,1087,33,,,0,30,,1066,33,,,0,70,,1080,33,,,0,30,,1088,33,,,0,70,,1067,33,,,0,30,,1081,33,,,0,70,,1096,33,,,0,30,,1068,33,,,0,70,,1077,33,,,0,30,,1090,33,,,0,70,,1069,33,,,0,30,,1078,33,,,0,70,,1095,33,,,0,30,,1070,33,,,0,70,,1083,33,,,0,30,,1089,33,,,0,70,,1071,33,,,0,30,,1084,33,,,0,70,,1091,33,,,0,30,,1072,33,,,0,70,,1082,33,,,0,30,,1092,33,,,0,70,,1073,33,,,0,30,,1085,33,,,0,70,,1093,33,,,0,30,,1074,33,,,0,70,,1076,33,,,0,30,,1094,33,,,0,70,,1075,33,,,0
300,'71',742,,1111,33,,,0,70,,1119,33,,,0,30,,1099,33,,,0,70,,1104,33,,,0,30,,1115,33,,,0,70,,1098,33,,,0,30,,1105,33,,,0,70,,1113,33,,,0,30,,1100,33,,,0,70,,1106,33,,,0,30,,1114,33,,,0,70,,1101,33,,,0,30,,1107,33,,,0,70,,1117,33,,,0,30,,1102,33,,,0,70,,1108,33,,,0,30,,1118,33,,,0,70,,1103,33,,,0,30,,1109,33,,,0,70,,1112,33,,,0,30,,1097,33,,,0,70,,1110,33,,,0
300,'72',612,,1141,33,,,0,30,,1154,33,,,0,70,,1128,33,,,0,30,,1142,33,,,0,70,,1149,33,,,0,30,,1125,33,,,0,70,,1137,33,,,0,30,,1144,33,,,0,70,,1126,33,,,0,30,,1131,33,,,0,70,,1150,33,,,0,30,,1127,33,,,0,70,,1138,33,,,0,30,,1145,33,,,0,70,,1120,33,,,0,30,,1132,33,,,0,70,,1146,33,,,0,30,,1121,33,,,0,70,,1133,33,,,0,30,,1147,33,,,0,70,,1122,33,,,0,30,,1134,33,,,0,70,,1148,33,,,0,30,,1123,33,,,0,70,,1139,33,,,0,30,,1143,33,,,0,70,,1124,33,,,0,30,,1136,33,,,0,70,,1152,33,,,0,30,,1129,33,,,0,70,,1140,33,,,0,30,,1153,33,,,0,70,,1130,33,,,0,30,,1135,33,,,0,70,,1151,33,,,0
900,'72',625,,1246,33,,,0,30,,1262,33,,,0,70,,1268,33,,,0,30,,1247,33,,,0,70,,1255,33,,,0,30,,1263,33,,,0,70,,1248,33,,,0,30,,1256,33,,,0,70,,1264,33,,,0,30,,1249,33,,,0,70,,1257,33,,,0,30,,1265,33,,,0,70,,1250,33,,,0,30,,1258,33,,,0,70,,1266,33,,,0,30,,1251,33,,,0,70,,1259,33,,,0,30,,1267,33,,,0,70,,1252,33,,,0,30,,1260,33,,,0,70,,1269,33,,,0,30,,1253,33,,,0,70,,1261,33,,,0,30,,1270,33,,,0,70,,1254,33,,,0
1500,'70',721,,1318,3,,,0,100,,1319,3,,,0,100,,1316,3,,,0,100,,1317,3,,,0,30,,1315,3,,,0,70,,1320,3,,,0,30,,1308,3,,,0,70,,1321,3,,,0,30,,1309,3,,,0,70,,1322,3,,,0,30,,1310,3,,,0,70,,1323,3,,,0,30,,1311,3,,,0,70,,1324,3,,,0,30,,1312,3,,,0,70,,1325,3,,,0,30,,1313,3,,,0,70,,1326,3,,,0,30,,1314,3,,,0,70,,1327,3,,,0,100,,1328,3,,,0,100,,1329,3,,,0,100,,1330,3,,,0,100,,1331,3,,,0
1500,'71',821,,1334,3,,,0,100,,1335,3,,,0,100,,1336,3,,,0,100,,1337,3,,,0,100,,1338,3,,,0,100,,1339,3,,,0,100,,1340,3,,,0,100,,1341,3,,,0,100,,1342,3,,,0,100,,1333,3,,,0,99,,1332,3,,,0
1500,'72',621,,1360,3,,,0,30,,1343,3,,,0,70,,1361,3,,,0,30,,1344,3,,,0,70,,1356,3,,,0,30,,1345,3,,,0,70,,1357,3,,,0,30,,1346,3,,,0,70,,1358,3,,,0,30,,1347,3,,,0,70,,1359,3,,,0,30,,1348,3,,,0,70,,1362,3,,,0,30,,1349,3,,,0,70,,1363,3,,,0,30,,1367,3,,,0,70,,1364,3,,,0,30,,1368,3,,,0,70,,1365,3,,,0,30,,1369,3,,,0,70,,1366,3,,,0,30,,1370,3,,,0,70,,1350,3,,,0,30,,1371,3,,,0,70,,1351,3,,,0,100,,1352,3,,,0,100,,1353,3,,,0,100,,1354,3,,,0,100,,1355,3,,,0
2300,'70',755,,1527,3,,,0,100,,1528,3,,,0,100,,1529,3,,,0,100,,1530,3,,,0,100,,1531,3,,,0,100,,1523,3,,,0,100,,1524,3,,,0,100,,1525,3,,,0,100,,1526,3,,,0,100,,1522,3,,,0,101,,1521,3,,,0
2300,'72',625,,1547,3,,,0,30,,1533,3,,,0,70,,1548,3,,,0,30,,1534,3,,,0,70,,1555,3,,,0,30,,1535,3,,,0,70,,1549,3,,,0,30,,1536,3,,,0,70,,1550,3,,,0,30,,1537,3,,,0,70,,1551,3,,,0,30,,1538,3,,,0,70,,1556,3,,,0,30,,1539,3,,,0,70,,1557,3,,,0,30,,1540,3,,,0,70,,1558,3,,,0,30,,1541,3,,,0,70,,1552,3,,,0,30,,1542,3,,,0,70,,1553,3,,,0,30,,1543,3,,,0,70,,1554,3,,,0,30,,1544,3,,,0,100,,1545,3,,,0,100,,1546,3,,,0,101,,1532,3,,,0
