101,'70',701,,991,15,,,0,30,,965,15,,,0,70,,980,15,,,0,30,,992,15,,,0,70,,966,15,,,0,30,,981,15,,,0,70,,993,15,,,0,30,,967,15,,,0,70,,982,15,,,0,30,,990,15,,,0,70,,968,15,,,0,30,,974,15,,,0,70,,994,15,,,0,30,,969,15,,,0,70,,975,15,,,0,30,,984,15,,,0,70,,963,15,,,0,30,,976,15,,,0,70,,985,15,,,0,30,,970,15,,,0,70,,977,15,,,0,30,,987,15,,,0,70,,971,15,,,0,30,,978,15,,,0,70,,988,15,,,0,30,,972,15,,,0,70,,983,15,,,0,30,,989,15,,,0,70,,973,15,,,0,30,,979,15,,,0,70,,986,15,,,0,30,,964,15,,,0
101,'71',801,,1003,15,,,0,30,,1013,15,,,0,70,,997,15,,,0,30,,1004,15,,,0,70,,1012,15,,,0,30,,998,15,,,0,70,,1005,15,,,0,30,,1010,15,,,0,70,,999,15,,,0,30,,1006,15,,,0,70,,1011,15,,,0,30,,996,15,,,0,70,,1007,15,,,0,30,,1015,15,,,0,70,,1000,15,,,0,30,,1008,15,,,0,70,,1016,15,,,0,30,,1001,15,,,0,70,,1009,15,,,0,30,,1014,15,,,0,70,,995,15,,,0,30,,1002,15,,,0
101,'72',631,,1034,15,,,0,15,,1063,15,,,0,55,,1049,15,,,0,15,,1054,15,,,0,15,,1023,15,,,0,15,,1057,15,,,0,55,,1035,15,,,0,15,,1064,15,,,0,15,,1050,15,,,0,15,,1052,15,,,0,55,,1022,15,,,0,15,,1058,15,,,0,15,,1036,15,,,0,15,,1061,15,,,0,55,,1041,15,,,0,30,,1024,15,,,0,70,,1037,15,,,0,30,,1042,15,,,0,70,,1025,15,,,0,30,,1038,15,,,0,70,,1043,15,,,0,30,,1026,15,,,0,70,,1039,15,,,0,30,,1044,15,,,0,70,,1018,15,,,0,30,,1028,15,,,0,15,,1062,15,,,0,55,,1045,15,,,0,15,,1055,15,,,0,15,,1027,15,,,0,15,,1059,15,,,0,55,,1030,15,,,0,15,,1060,15,,,0,15,,1046,15,,,0,15,,1053,15,,,0,55,,1019,15,,,0,15,,1056,15,,,0,15,,1032,15,,,0,70,,1047,15,,,0,30,,1020,15,,,0,70,,1033,15,,,0,30,,1048,15,,,0,70,,1021,15,,,0,30,,1029,15,,,0,70,,1051,15,,,0,30,,1017,15,,,0,70,,1031,15,,,0,30,,1040,15,,,0
301,'70',715,,1183,22,,,0,30,,1162,22,,,0,70,,1166,22,,,0,30,,1184,22,,,0,70,,1155,22,,,0,30,,1167,22,,,0,70,,1185,22,,,0,30,,1156,22,,,0,70,,1168,22,,,0,30,,1186,22,,,0,70,,1157,22,,,0,30,,1172,22,,,0,70,,1176,22,,,0,30,,1158,22,,,0,70,,1173,22,,,0,30,,1177,22,,,0,70,,1159,22,,,0,30,,1174,22,,,0,70,,1178,22,,,0,30,,1160,22,,,0,70,,1175,22,,,0,30,,1179,22,,,0,70,,1161,22,,,0,30,,1169,22,,,0,70,,1180,22,,,0,30,,1163,22,,,0,70,,1170,22,,,0,30,,1181,22,,,0,70,,1164,22,,,0,30,,1171,22,,,0,70,,1182,22,,,0,30,,1165,22,,,0
301,'71',745,,1187,22,,,0,70,,1195,22,,,0,30,,1209,22,,,0,70,,1188,22,,,0,30,,1196,22,,,0,70,,1203,22,,,0,30,,1189,22,,,0,70,,1197,22,,,0,30,,1204,22,,,0,70,,1190,22,,,0,30,,1198,22,,,0,70,,1205,22,,,0,30,,1191,22,,,0,70,,1199,22,,,0,30,,1206,22,,,0,70,,1192,22,,,0,30,,1200,22,,,0,70,,1207,22,,,0,30,,1193,22,,,0,70,,1201,22,,,0,30,,1208,22,,,0,70,,1194,22,,,0,30,,1202,22,,,0
301,'72',615,,1221,22,,,0,30,,1222,22,,,0,70,,1238,22,,,0,30,,1218,22,,,0,70,,1223,22,,,0,30,,1239,22,,,0,70,,1219,22,,,0,30,,1224,22,,,0,70,,1240,22,,,0,30,,1220,22,,,0,70,,1225,22,,,0,30,,1236,22,,,0,70,,1210,22,,,0,30,,1226,22,,,0,70,,1237,22,,,0,30,,1211,22,,,0,70,,1227,22,,,0,30,,1234,22,,,0,70,,1212,22,,,0,30,,1228,22,,,0,70,,1241,22,,,0,30,,1213,22,,,0,70,,1229,22,,,0,30,,1242,22,,,0,70,,1214,22,,,0,30,,1230,22,,,0,70,,1243,22,,,0,30,,1215,22,,,0,70,,1231,22,,,0,30,,1244,22,,,0,70,,1216,22,,,0,30,,1232,22,,,0,70,,1235,22,,,0,30,,1217,22,,,0,70,,1233,22,,,0,30,,1245,22,0,14 15,0
901,'72',630,,1287,21,,,0,70,,1271,21,,,0,30,,1280,21,,,0,70,,1294,21,,,0,30,,1272,21,,,0,70,,1281,21,,,0,30,,1295,21,,,0,70,,1273,21,,,0,30,,1279,21,,,0,70,,1289,21,,,0,30,,1274,21,,,0,70,,1282,21,,,0,30,,1290,21,,,0,70,,1275,21,,,0,30,,1285,21,,,0,70,,1291,21,,,0,30,,1278,21,,,0,70,,1286,21,,,0,30,,1292,21,,,0,70,,1276,21,,,0,30,,1283,21,,,0,70,,1293,21,,,0,30,,1277,21,,,0,70,,1284,21,,,0,30,,1288,21,,,0
1501,'70',706,,1389,29,,,0,102,,1393,33,,,0,100,,1386,33,,,0,100,,1390,33,,,0,100,,1392,33,,,0,30,,1373,33,,,0,70,,1381,33,,,0,30,,1374,33,,,0,70,,1382,33,,,0,30,,1375,33,,,0,70,,1383,33,,,0,30,,1376,33,,,0,70,,1384,33,,,0,30,,1377,33,,,0,70,,1385,33,,,0,30,,1378,33,,,0,70,,1391,33,,,0,30,,1379,33,,,0,70,,1387,33,,,0,30,,1372,33,,,0,70,,1395,33,,,0,100,,1388,33,,,0,100,,1380,33,,,0,100,,1394,33,,,0,100,,1396,33,,,0
1501,'71',806,,1404,29,,,0,102,,1403,33,,,0,100,,1401,33,,,0,100,,1402,33,,,0,100,,1400,33,,,0,100,,1406,33,,,0,100,,1407,33,,,0,100,,1398,33,,,0,100,,1399,33,,,0,100,,1397,33,,,0,100,,1405,33,,,0
1501,'72',636,,1410,29,,,0,72,,1416,33,,,0,30,,1411,33,,,0,70,,1431,33,,,0,30,,1412,33,,,0,70,,1426,33,,,0,30,,1413,33,,,0,70,,1427,33,,,0,30,,1408,33,,,0,70,,1432,33,,,0,30,,1414,33,,,0,70,,1419,33,,,0,30,,1415,33,,,0,70,,1422,33,,,0,30,,1409,33,,,0,70,,1417,33,,,0,30,,1437,33,,,0,70,,1420,33,,,0,30,,1434,33,,,0,70,,1421,33,,,0,30,,1435,33,,,0,70,,1430,33,,,0,30,,1436,33,,,0,70,,1423,33,,,0,30,,1433,33,,,0,70,,1424,33,,,0,100,,1425,33,,,0,100,,1428,33,,,0,100,,1429,33,,,0,100,,1418,33,,,0
2300,'70',815,,1527,30,,,0,100,,1528,30,,,0,100,,1529,30,,,0,100,,1530,30,,,0,100,,1531,30,,,0,100,,1523,30,,,0,100,,1524,30,,,0,100,,1525,30,,,0,100,,1526,30,,,0,100,,1522,30,,,0,102,,1521,30,,,0
2300,'72',645,,1547,30,,,0,70,,1533,30,,,0,30,,1548,30,,,0,70,,1534,30,,,0,30,,1555,30,,,0,70,,1535,30,,,0,30,,1549,30,,,0,70,,1536,30,,,0,30,,1550,30,,,0,70,,1537,30,,,0,30,,1551,30,,,0,70,,1538,30,,,0,30,,1556,30,,,0,70,,1539,30,,,0,30,,1557,30,,,0,70,,1540,30,,,0,30,,1558,30,,,0,70,,1541,30,,,0,30,,1552,30,,,0,70,,1542,30,,,0,30,,1553,30,,,0,70,,1543,30,,,0,30,,1554,30,,,0,70,,1544,30,,,0,100,,1545,30,,,0,100,,1546,30,,,0,102,,1532,30,,,0
