300,'1',616,,212,36,,,0,30,,202,36,,,0,70,,217,36,,,0,30,,218,36,,,0,70,,207,36,,,0,30,,206,36,,,0,70,,209,36,,,0,30,,232,36,,,0,70,,211,36,,,0,30,,223,36,,,0,70,,224,36,,,0,30,,227,36,,,0,70,,230,36,,,0,30,,222,36,,,0,70,,221,36,,,0,30,,235,36,,,0,70,,231,36,,,0,30,,203,36,,,0,70,,215,36,,,0,30,,233,36,,,0,70,,205,36,,,0,30,,204,36,,,0,70,,219,36,,,0,30,,208,36,,,0,70,,229,36,,,0,30,,236,36,,,0,70,,226,36,,,0,30,,216,36,,,0,70,,234,36,,,0,30,,220,36,,,0,70,,213,36,,,0,30,,225,36,,,0,70,,214,36,,,0,30,,210,36,,,0,70,,228,36,,,0
300,'2',646,,237,36,,,0,70,,248,36,,,0,30,,266,36,,,0,70,,255,36,,,0,30,,250,36,,,0,70,,251,36,,,0,30,,241,36,,,0,70,,264,36,,,0,30,,244,36,,,0,70,,267,36,,,0,30,,259,36,,,0,70,,243,36,,,0,30,,254,36,,,0,70,,246,36,,,0,30,,252,36,,,0,70,,268,36,,,0,30,,240,36,,,0,70,,245,36,,,0,30,,256,36,,,0,70,,242,36,,,0,30,,249,36,,,0,70,,265,36,,,0,30,,257,36,,,0,70,,261,36,,,0,30,,239,36,,,0,70,,260,36,,,0,30,,263,36,,,0,70,,262,36,,,0,30,,253,36,,,0,70,,238,36,,,0,30,,258,36,,,0,70,,247,36,,,0
300,'3',746,,273,36,,,0,70,,284,36,,,0,30,,291,36,,,0,70,,281,36,,,0,30,,279,36,,,0,70,,289,36,,,0,30,,271,36,,,0,70,,287,36,,,0,30,,283,36,,,0,70,,280,36,,,0,30,,282,36,,,0,70,,276,36,,,0,30,,288,36,,,0,70,,286,36,,,0,30,,274,36,,,0,70,,290,36,,,0,30,,278,36,,,0,70,,275,36,,,0,30,,277,36,,,0,70,,272,36,,,0,30,,285,36,,,0,70,,270,36,,,0,30,,269,36,,,0
900,'1',631,,404,37,,,0,70,,402,37,,,0,30,,405,37,,,0,70,,392,37,,,0,30,,406,37,,,0,70,,396,37,,,0,30,,400,37,,,0,70,,391,37,,,0,30,,407,37,,,0,70,,387,37,,,0,30,,384,37,,,0,70,,386,37,,,0,30,,388,37,,,0,70,,403,37,,,0,30,,389,37,,,0,70,,394,37,,,0,30,,383,37,,,0,70,,397,37,,,0,30,,393,37,,,0,70,,395,37,,,0,30,,399,37,,,0,70,,390,37,,,0,30,,401,37,,,0,70,,398,37,,,0,30,,385,37,,,0
2009,'1',650,,591,1,0,14 15,0,100,,576,1,0,14 15,0,100,,590,1,0,14 15,0,100,,588,1,0,14 15,0,100,,595,1,0,14 15,0,100,,578,1,0,14 15,0,100,,585,1,0,14 15,0,100,,596,1,0,14 15,0,100,,584,1,0,14 15,0,100,,580,1,0,14 15,0,100,,582,1,0,14 15,0,100,,583,1,0,14 15,0
2009,'2',750,,608,1,0,14 15,0,100,,604,1,0,14 15,0,100,,605,1,0,14 15,0,100,,599,1,0,14 15,0,100,,614,1,0,14 15,0,100,,619,1,0,14 15,0,100,,600,1,0,14 15,0,100,,598,1,0,14 15,0,100,,618,1,0,14 15,0,100,,610,1,0,14 15,0,100,,612,1,0,14 15,0
2309,'1',630,,673,6,,,0,70,,663,6,,,0,30,,678,6,,,0,70,,669,6,,,0,30,,658,6,,,0,70,,661,6,,,0,30,,677,6,,,0,70,,675,6,,,0,30,,672,6,,,0,70,,681,6,,,0,30,,682,6,,,0,70,,660,6,,,0,30,,659,6,,,0,70,,662,6,,,0,30,,668,6,,,0,70,,671,6,,,0,30,,674,6,,,0,70,,684,6,,,0,30,,666,6,,,0,70,,667,6,,,0,30,,670,6,,,0,70,,680,6,,,0,30,,683,6,,,0,70,,664,6,,,0,100,,676,6,,,0,100,,679,6,,,0,100,,665,6,,,0
2309,'2',800,,685,6,,,0,100,,694,6,,,0,100,,687,6,,,0,100,,693,6,,,0,100,,692,6,,,0,100,,690,6,,,0,100,,695,6,,,0,100,,691,6,,,0,100,,686,6,,,0,100,,689,6,,,0,100,,688,6,,,0
2409,'1',630,,702,1,,,0,100,,699,1,,,0,100,,698,1,,,0,100,,700,1,,,0,100,,706,1,,,0,100,,705,1,,,0,100,,696,1,,,0,100,,703,1,,,0,100,,704,1,,,0,100,,707,1,,,0,100,,701,1,,,0,100,,697,1,,,0
2409,'2',730,,714,1,,,0,100,,715,1,,,0,100,,717,1,,,0,100,,718,1,,,0,100,,710,1,,,0,100,,716,1,,,0,100,,711,1,,,0,100,,709,1,,,0,100,,708,1,,,0,100,,713,1,,,0,100,,712,1,,,0
