101,'70',702,,991,16,,,0,30,,965,16,,,0,70,,980,16,,,0,30,,992,16,,,0,70,,966,16,,,0,30,,981,16,,,0,70,,993,16,,,0,30,,967,16,,,0,70,,982,16,,,0,30,,990,16,,,0,70,,968,16,,,0,30,,974,16,,,0,70,,994,16,,,0,30,,969,16,,,0,70,,975,16,,,0,30,,984,16,,,0,70,,963,16,,,0,30,,976,16,,,0,70,,985,16,,,0,30,,970,16,,,0,70,,977,16,,,0,30,,987,16,,,0,70,,971,16,,,0,30,,978,16,,,0,70,,988,16,,,0,30,,972,16,,,0,70,,983,16,,,0,30,,989,16,,,0,70,,973,16,,,0,30,,979,16,,,0,70,,986,16,,,0,30,,964,16,,,0
101,'71',802,,1003,16,,,0,30,,1013,16,,,0,70,,997,16,,,0,30,,1004,16,,,0,70,,1012,16,,,0,30,,998,16,,,0,70,,1005,16,,,0,30,,1010,16,,,0,70,,999,16,,,0,30,,1006,16,,,0,70,,1011,16,,,0,30,,996,16,,,0,70,,1007,16,,,0,30,,1015,16,,,0,70,,1000,16,,,0,30,,1008,16,,,0,70,,1016,16,,,0,30,,1001,16,,,0,70,,1009,16,,,0,30,,1014,16,,,0,70,,995,16,,,0,30,,1002,16,,,0
101,'72',633,,1034,16,,,0,15,,1063,16,,,0,55,,1049,16,,,0,15,,1054,16,,,0,15,,1023,16,,,0,15,,1057,16,,,0,55,,1035,16,,,0,15,,1064,16,,,0,15,,1050,16,,,0,15,,1052,16,,,0,55,,1022,16,,,0,15,,1058,16,,,0,15,,1036,16,,,0,15,,1061,16,,,0,55,,1041,16,,,0,30,,1024,16,,,0,70,,1037,16,,,0,30,,1042,16,,,0,70,,1025,16,,,0,30,,1038,16,,,0,70,,1043,16,,,0,30,,1026,16,,,0,70,,1039,16,,,0,30,,1044,16,,,0,70,,1018,16,,,0,30,,1028,16,,,0,15,,1062,16,,,0,55,,1045,16,,,0,15,,1055,16,,,0,15,,1027,16,,,0,15,,1059,16,,,0,55,,1030,16,,,0,15,,1060,16,,,0,15,,1046,16,,,0,15,,1053,16,,,0,55,,1019,16,,,0,15,,1056,16,,,0,15,,1032,16,,,0,70,,1047,16,,,0,30,,1020,16,,,0,70,,1033,16,,,0,30,,1048,16,,,0,70,,1021,16,,,0,30,,1029,16,,,0,70,,1051,16,,,0,30,,1017,16,,,0,70,,1031,16,,,0,30,,1040,16,,,0
301,'70',717,,1183,23,,,0,30,,1162,23,,,0,70,,1166,23,,,0,30,,1184,23,,,0,70,,1155,23,,,0,30,,1167,23,,,0,70,,1185,23,,,0,30,,1156,23,,,0,70,,1168,23,,,0,30,,1186,23,,,0,70,,1157,23,,,0,30,,1172,23,,,0,70,,1176,23,,,0,30,,1158,23,,,0,70,,1173,23,,,0,30,,1177,23,,,0,70,,1159,23,,,0,30,,1174,23,,,0,70,,1178,23,,,0,30,,1160,23,,,0,70,,1175,23,,,0,30,,1179,23,,,0,70,,1161,23,,,0,30,,1169,23,,,0,70,,1180,23,,,0,30,,1163,23,,,0,70,,1170,23,,,0,30,,1181,23,,,0,70,,1164,23,,,0,30,,1171,23,,,0,70,,1182,23,,,0,30,,1165,23,,,0
301,'71',747,,1187,23,,,0,70,,1195,23,,,0,30,,1209,23,,,0,70,,1188,23,,,0,30,,1196,23,,,0,70,,1203,23,,,0,30,,1189,23,,,0,70,,1197,23,,,0,30,,1204,23,,,0,70,,1190,23,,,0,30,,1198,23,,,0,70,,1205,23,,,0,30,,1191,23,,,0,70,,1199,23,,,0,30,,1206,23,,,0,70,,1192,23,,,0,30,,1200,23,,,0,70,,1207,23,,,0,30,,1193,23,,,0,70,,1201,23,,,0,30,,1208,23,,,0,70,,1194,23,,,0,30,,1202,23,,,0
301,'72',617,,1221,23,,,0,30,,1222,23,,,0,70,,1238,23,,,0,30,,1218,23,,,0,70,,1223,23,,,0,30,,1239,23,,,0,70,,1219,23,,,0,30,,1224,23,,,0,70,,1240,23,,,0,30,,1220,23,,,0,70,,1225,23,,,0,30,,1236,23,,,0,70,,1210,23,,,0,30,,1226,23,,,0,70,,1237,23,,,0,30,,1211,23,,,0,70,,1227,23,,,0,30,,1234,23,,,0,70,,1212,23,,,0,30,,1228,23,,,0,70,,1241,23,,,0,30,,1213,23,,,0,70,,1229,23,,,0,30,,1242,23,,,0,70,,1214,23,,,0,30,,1230,23,,,0,70,,1243,23,,,0,30,,1215,23,,,0,70,,1231,23,,,0,30,,1244,23,,,0,70,,1216,23,,,0,30,,1232,23,,,0,70,,1235,23,,,0,30,,1217,23,,,0,70,,1233,23,,,0,30,,1245,23,0,14 15,0
901,'72',632,,1287,22,,,0,70,,1271,22,,,0,30,,1280,22,,,0,70,,1294,22,,,0,30,,1272,22,,,0,70,,1281,22,,,0,30,,1295,22,,,0,70,,1273,22,,,0,30,,1279,22,,,0,70,,1289,22,,,0,30,,1274,22,,,0,70,,1282,22,,,0,30,,1290,22,,,0,70,,1275,22,,,0,30,,1285,22,,,0,70,,1291,22,,,0,30,,1278,22,,,0,70,,1286,22,,,0,30,,1292,22,,,0,70,,1276,22,,,0,30,,1283,22,,,0,70,,1293,22,,,0,30,,1277,22,,,0,70,,1284,22,,,0,30,,1288,22,,,0
1501,'70',708,,1389,30,,,0,100,,1393,34,,,0,100,,1386,34,,,0,100,,1390,34,,,0,100,,1392,34,,,0,30,,1373,34,,,0,70,,1381,34,,,0,30,,1374,34,,,0,70,,1382,34,,,0,30,,1375,34,,,0,70,,1383,34,,,0,30,,1376,34,,,0,70,,1384,34,,,0,30,,1377,34,,,0,70,,1385,34,,,0,30,,1378,34,,,0,70,,1391,34,,,0,30,,1379,34,,,0,70,,1387,34,,,0,30,,1372,34,,,0,70,,1395,34,,,0,100,,1388,34,,,0,100,,1380,34,,,0,100,,1394,34,,,0,100,,1396,34,,,0
1501,'71',808,,1404,30,,,0,100,,1403,34,,,0,100,,1401,34,,,0,100,,1402,34,,,0,100,,1400,34,,,0,100,,1406,34,,,0,100,,1407,34,,,0,100,,1398,34,,,0,100,,1399,34,,,0,100,,1397,34,,,0,100,,1405,34,,,0
1501,'72',638,,1410,30,,,0,70,,1416,34,,,0,30,,1411,34,,,0,70,,1431,34,,,0,30,,1412,34,,,0,70,,1426,34,,,0,30,,1413,34,,,0,70,,1427,34,,,0,30,,1408,34,,,0,70,,1432,34,,,0,30,,1414,34,,,0,70,,1419,34,,,0,30,,1415,34,,,0,70,,1422,34,,,0,30,,1409,34,,,0,70,,1417,34,,,0,30,,1437,34,,,0,70,,1420,34,,,0,30,,1434,34,,,0,70,,1421,34,,,0,30,,1435,34,,,0,70,,1430,34,,,0,30,,1436,34,,,0,70,,1423,34,,,0,30,,1433,34,,,0,70,,1424,34,,,0,100,,1425,34,,,0,100,,1428,34,,,0,100,,1429,34,,,0,100,,1418,34,,,0
2300,'70',816,,1527,31,,,0,100,,1528,31,,,0,100,,1529,31,,,0,100,,1530,31,,,0,100,,1531,31,,,0,100,,1523,31,,,0,100,,1524,31,,,0,100,,1525,31,,,0,100,,1526,31,,,0,100,,1522,31,,,0,102,,1521,31,,,0
2300,'72',646,,1547,31,,,0,70,,1533,31,,,0,30,,1548,31,,,0,70,,1534,31,,,0,30,,1555,31,,,0,70,,1535,31,,,0,30,,1549,31,,,0,70,,1536,31,,,0,30,,1550,31,,,0,70,,1537,31,,,0,30,,1551,31,,,0,70,,1538,31,,,0,30,,1556,31,,,0,70,,1539,31,,,0,30,,1557,31,,,0,70,,1540,31,,,0,30,,1558,31,,,0,70,,1541,31,,,0,30,,1552,31,,,0,70,,1542,31,,,0,30,,1553,31,,,0,70,,1543,31,,,0,30,,1554,31,,,0,70,,1544,31,,,0,100,,1545,31,,,0,100,,1546,31,,,0,102,,1532,31,,,0
