101,'1',631,,136,14,,,0,70,,108,14,,,0,15,,131,14,,,0,15,,103,14,,,0,15,,125,14,,,0,55,,135,14,,,0,15,,117,14,,,0,15,,107,14,,,0,15,,105,14,,,0,55,,142,14,,,0,15,,106,14,,,0,15,,130,14,,,0,15,,147,14,,,0,55,,116,14,,,0,30,,118,14,,,0,70,,139,14,,,0,30,,124,14,,,0,70,,102,14,,,0,30,,101,14,,,0,70,,128,14,,,0,30,,138,14,,,0,70,,126,14,,,0,30,,134,14,,,0,70,,120,14,,,0,30,,114,14,,,0,15,,123,14,,,0,55,,140,14,,,0,15,,137,14,,,0,15,,145,14,,,0,15,,109,14,,,0,55,,132,14,,,0,15,,141,14,,,0,15,,119,14,,,0,15,,110,14,0,18 19,0,55,,143,14,,,0,15,,144,14,0,18 19,0,15,,104,14,,,0,70,,115,14,,,0,30,,129,14,,,0,70,,127,14,,,0,30,,111,14,,,0,70,,112,14,,,0,30,,122,14,,,0,70,,133,14,,,0,30,,121,14,0,18 19,0,70,,113,14,0,18 19,0,30,,146,14,0,18 19,0
101,'2',701,,155,14,,,0,30,,151,14,,,0,70,,178,14,,,0,30,,153,14,,,0,70,,158,14,,,0,30,,166,14,,,0,70,,154,14,,,0,30,,172,14,,,0,70,,171,14,,,0,30,,163,14,,,0,70,,159,14,,,0,30,,157,14,,,0,70,,156,14,,,0,30,,176,14,,,0,70,,162,14,,,0,30,,175,14,,,0,70,,160,14,,,0,30,,149,14,,,0,70,,173,14,,,0,30,,170,14,,,0,70,,150,14,,,0,30,,152,14,,,0,70,,165,14,,,0,30,,164,14,,,0,70,,177,14,,,0,30,,167,14,,,0,70,,148,14,,,0,30,,179,14,,,0,70,,169,14,,,0,30,,161,14,,,0,70,,174,14,0,18 19,0,30,,168,14,0,18 19,0
101,'3',801,,200,14,,,0,30,,186,14,,,0,70,,184,14,,,0,30,,189,14,,,0,70,,195,14,,,0,30,,181,14,,,0,70,,185,14,,,0,30,,183,14,,,0,70,,201,14,,,0,30,,182,14,,,0,70,,194,14,,,0,30,,180,14,,,0,70,,191,14,,,0,30,,197,14,,,0,70,,187,14,,,0,30,,188,14,,,0,70,,196,14,,,0,30,,198,14,,,0,70,,190,14,,,0,30,,193,14,,,0,70,,192,14,0,18 19,0,30,,199,14,0,18 19,0
301,'1',616,,310,23,,,0,30,,303,23,,,0,70,,292,23,,,0,30,,326,23,,,0,70,,301,23,,,0,30,,323,23,,,0,70,,293,23,,,0,30,,313,23,,,0,70,,311,23,,,0,30,,296,23,,,0,70,,315,23,,,0,30,,325,23,,,0,70,,321,23,,,0,30,,297,23,,,0,70,,294,23,,,0,30,,306,23,,,0,70,,309,23,,,0,30,,305,23,,,0,70,,304,23,,,0,30,,308,23,,,0,70,,320,23,,,0,30,,300,23,,,0,70,,324,23,,,0,30,,322,23,,,0,70,,295,23,,,0,30,,319,23,,,0,70,,312,23,,,0,30,,327,23,,,0,70,,316,23,,,0,30,,307,23,,,0,70,,298,23,,,0,30,,314,23,,,0,70,,299,23,,,0,30,,302,23,,,0,70,,318,23,,,0,30,,317,23,0,20 21,0
301,'2',716,,353,23,,,0,30,,350,23,,,0,70,,331,23,,,0,30,,352,23,,,0,70,,357,23,,,0,30,,347,23,,,0,70,,338,23,,,0,30,,356,23,,,0,70,,343,23,,,0,30,,345,23,,,0,70,,328,23,,,0,30,,335,23,,,0,70,,330,23,,,0,30,,351,23,,,0,70,,339,23,,,0,30,,342,23,,,0,70,,341,23,,,0,30,,332,23,,,0,70,,336,23,,,0,30,,329,23,,,0,70,,333,23,,,0,30,,359,23,,,0,70,,340,23,,,0,30,,334,23,,,0,70,,358,23,,,0,30,,355,23,,,0,70,,348,23,,,0,30,,349,23,,,0,70,,354,23,,,0,30,,337,23,,,0,70,,346,23,,,0,30,,344,23,,,0
301,'3',746,,380,23,,,0,70,,378,23,,,0,30,,371,23,,,0,70,,372,23,,,0,30,,379,23,,,0,70,,366,23,,,0,30,,367,23,,,0,70,,376,23,,,0,30,,373,23,,,0,70,,382,23,,,0,30,,375,23,,,0,70,,381,23,,,0,30,,365,23,,,0,70,,362,23,,,0,30,,364,23,,,0,70,,360,23,,,0,30,,361,23,,,0,70,,363,23,,,0,30,,374,23,,,0,70,,370,23,,,0,30,,369,23,,,0,70,,368,23,,,0,30,,377,23,,,0
901,'1',700,,417,20,,,0,30,,408,20,,,0,70,,410,20,,,0,30,,429,20,,,0,70,,416,20,,,0,30,,418,20,,,0,70,,428,20,,,0,30,,425,20,,,0,70,,423,20,,,0,30,,415,20,,,0,70,,409,20,,,0,30,,421,20,,,0,70,,411,20,,,0,30,,413,20,,,0,70,,412,20,,,0,30,,414,20,,,0,70,,422,20,,,0,30,,420,20,,,0,70,,426,20,,,0,30,,424,20,,,0,70,,431,20,,,0,30,,419,20,,,0,70,,427,20,,,0,30,,430,20,,,0
1501,'1',636,,527,26,,,0,70,,525,30,,,0,30,,530,30,,,0,70,,513,30,,,0,30,,535,30,,,0,70,,516,30,,,0,30,,524,30,,,0,70,,537,30,,,0,30,,526,30,,,0,70,,519,30,,,0,30,,534,30,,,0,70,,529,30,,,0,30,,531,30,,,0,70,,517,30,,,0,30,,521,30,,,0,70,,509,30,,,0,30,,523,30,,,0,70,,510,30,,,0,30,,515,30,,,0,70,,514,30,,,0,30,,522,30,,,0,70,,518,30,,,0,30,,532,30,,,0,70,,511,30,,,0,30,,512,30,,,0,70,,536,30,,,0,100,,533,30,,,0,100,,528,30,,,0,100,,508,30,,,0,100,,520,30,,,0
1501,'2',706,,544,26,,,0,100,,552,30,,,0,100,,547,30,,,0,100,,542,30,,,0,100,,551,30,,,0,30,,558,30,,,0,70,,543,30,,,0,30,,557,30,,,0,70,,549,30,,,0,30,,540,30,,,0,70,,541,30,,,0,30,,546,30,,,0,70,,550,30,,,0,30,,555,30,,,0,70,,539,30,,,0,30,,548,30,,,0,70,,561,30,,,0,30,,554,30,,,0,70,,553,30,,,0,30,,538,30,,,0,70,,560,30,,,0,100,,559,30,,,0,100,,545,30,,,0,100,,556,30,,,0
1501,'3',806,,565,26,,,0,100,,572,30,,,0,100,,566,30,,,0,100,,562,30,,,0,100,,569,30,,,0,100,,563,30,,,0,100,,571,30,,,0,100,,564,30,,,0,100,,568,30,,,0,100,,570,30,,,0,100,,567,30,,,0
2309,'1',645,,673,31,,,0,70,,663,31,,,0,30,,678,31,,,0,70,,669,31,,,0,30,,658,31,,,0,70,,661,31,,,0,30,,677,31,,,0,70,,675,31,,,0,30,,672,31,,,0,70,,681,31,,,0,30,,682,31,,,0,70,,660,31,,,0,30,,659,31,,,0,70,,662,31,,,0,30,,668,31,,,0,70,,671,31,,,0,30,,674,31,,,0,70,,684,31,,,0,30,,666,31,,,0,70,,667,31,,,0,30,,670,31,,,0,70,,680,31,,,0,30,,683,31,,,0,70,,664,31,,,0,100,,676,31,,,0,100,,679,31,,,0,100,,665,31,,,0
2309,'2',815,,685,31,,,0,100,,694,31,,,0,100,,687,31,,,0,100,,693,31,,,0,100,,692,31,,,0,100,,690,31,,,0,100,,695,31,,,0,100,,691,31,,,0,100,,686,31,,,0,100,,689,31,,,0,100,,688,31,,,0
