100,'73',656,,1743,30,,,0,70,,1754,30,,,0,30,,1761,33,,,0,70,,1735,33,,,0,30,,1752,33,,,0,70,,1762,33,,,0,30,,1736,33,,,0,70,,1753,33,,,0,30,,1757,33,,,0,70,,1737,33,,,0,30,,1744,33,,,0,70,,1758,33,,,0,30,,1738,33,,,0,70,,1745,33,,,0,30,,1759,33,,,0,70,,1739,33,,,0,30,,1746,33,,,0,70,,1755,33,,,0,30,,1733,33,,,0,70,,1747,33,,,0,30,,1756,33,,,0,70,,1734,33,,,0,30,,1748,33,,,0,70,,1760,33,,,0,30,,1740,33,,,0,70,,1749,33,,,0,30,,1763,33,,,0,70,,1741,33,,,0,30,,1750,33,,,0,70,,1764,33,,,0,30,,1742,33,,,0,70,,1751,33,,,0
100,'74',756,,1780,30,,,0,70,,1770,30,,,0,30,,1772,33,,,0,70,,1782,33,,,0,30,,1771,33,,,0,70,,1773,33,,,0,30,,1786,33,,,0,70,,1765,33,,,0,30,,1774,33,,,0,70,,1779,33,,,0,30,,1766,33,,,0,70,,1775,33,,,0,30,,1783,33,,,0,70,,1767,33,,,0,30,,1776,33,,,0,70,,1784,33,,,0,30,,1768,33,,,0,70,,1777,33,,,0,30,,1785,33,,,0,70,,1769,33,,,0,30,,1778,33,,,0,70,,1781,33,,,0
100,'75',626,,1813,30,,,0,30,,1797,30,,,0,55,,1826,30,,,0,15,,1803,33,,,0,15,,1828,33,,,0,15,,1819,33,,,0,55,,1821,33,,,0,15,,1787,33,,,0,15,,1824,33,,,0,15,,1798,33,,,0,55,,1829,33,,,0,15,,1820,33,,,0,30,,1791,33,,,0,70,,1799,33,,,0,30,,1812,33,,,0,70,,1792,33,,,0,30,,1804,33,,,0,70,,1810,33,,,0,30,,1793,33,,,0,70,,1805,33,,,0,30,,1809,33,,,0,70,,1794,33,,,0,30,,1806,33,,,0,55,,1832,30,,,0,15,,1815,33,,,0,15,,1823,30,,,0,15,,1795,33,,,0,55,,1827,30,,,0,15,,1807,33,,,0,15,,1830,33,,,0,15,,1816,33,,,0,55,,1822,33,,,0,15,,1796,33,,,0,15,,1825,33,,,0,15,,1800,33,,,0,55,,1831,33,,,0,15,,1817,33,,,0,30,,1788,33,,,0,70,,1801,33,,,0,30,,1818,33,,,0,70,,1789,33,,,0,30,,1802,33,,,0,70,,1811,33,,,0,30,,1790,33,,,0,70,,1808,33,,,0,30,,1814,33,,,0
300,'73',642,,1956,32,,,0,70,,1935,32,,,0,30,,1949,32,,,0,70,,1957,32,,,0,30,,1936,32,,,0,70,,1950,32,,,0,30,,1958,32,,,0,70,,1937,32,,,0,30,,1951,32,,,0,70,,1966,32,,,0,30,,1938,32,,,0,70,,1947,32,,,0,30,,1960,32,,,0,70,,1939,32,,,0,30,,1948,32,,,0,70,,1965,32,,,0,30,,1940,32,,,0,70,,1953,32,,,0,30,,1959,32,,,0,70,,1941,32,,,0,30,,1954,32,,,0,70,,1961,32,,,0,30,,1942,32,,,0,70,,1952,32,,,0,30,,1962,32,,,0,70,,1943,32,,,0,30,,1955,32,,,0,70,,1963,32,,,0,30,,1944,32,,,0,70,,1946,32,,,0,30,,1964,32,,,0,70,,1945,32,,,0
300,'74',742,,1981,32,,,0,70,,1989,32,,,0,30,,1969,32,,,0,70,,1974,32,,,0,30,,1985,32,,,0,70,,1968,32,,,0,30,,1975,32,,,0,70,,1983,32,,,0,30,,1970,32,,,0,70,,1976,32,,,0,30,,1984,32,,,0,70,,1971,32,,,0,30,,1977,32,,,0,70,,1987,32,,,0,30,,1972,32,,,0,70,,1978,32,,,0,30,,1988,32,,,0,70,,1973,32,,,0,30,,1979,32,,,0,70,,1982,32,,,0,30,,1967,32,,,0,70,,1980,32,,,0
300,'75',612,,2011,32,,,0,30,,2024,32,,,0,70,,1998,32,,,0,30,,2012,32,,,0,70,,2019,32,,,0,30,,1995,32,,,0,70,,2007,32,,,0,30,,2014,32,,,0,70,,1996,32,,,0,30,,2001,32,,,0,70,,2020,32,,,0,30,,1997,32,,,0,70,,2008,32,,,0,30,,2015,32,,,0,70,,1990,32,,,0,30,,2002,32,,,0,70,,2016,32,,,0,30,,1991,32,,,0,70,,2003,32,,,0,30,,2017,32,,,0,70,,1992,32,,,0,30,,2004,32,,,0,70,,2018,32,,,0,30,,1993,32,,,0,70,,2009,32,,,0,30,,2013,32,,,0,70,,1994,32,,,0,30,,2006,32,,,0,70,,2022,32,,,0,30,,1999,32,,,0,70,,2010,32,,,0,30,,2023,32,,,0,70,,2000,32,,,0,30,,2005,32,,,0,70,,2021,32,,,0
900,'75',625,,2116,32,,,0,30,,2132,32,,,0,70,,2138,32,,,0,30,,2117,32,,,0,70,,2125,32,,,0,30,,2133,32,,,0,70,,2118,32,,,0,30,,2126,32,,,0,70,,2134,32,,,0,30,,2119,32,,,0,70,,2127,32,,,0,30,,2135,32,,,0,70,,2120,32,,,0,30,,2128,32,,,0,70,,2136,32,,,0,30,,2121,32,,,0,70,,2129,32,,,0,30,,2137,32,,,0,70,,2122,32,,,0,30,,2130,32,,,0,70,,2139,32,,,0,30,,2123,32,,,0,70,,2131,32,,,0,30,,2140,32,,,0,70,,2124,32,,,0
1500,'73',720,,2188,2,,,0,100,,2189,2,,,0,100,,2186,2,,,0,100,,2187,2,,,0,30,,2185,2,,,0,70,,2190,2,,,0,30,,2178,2,,,0,70,,2191,2,,,0,30,,2179,2,,,0,70,,2192,2,,,0,30,,2180,2,,,0,70,,2193,2,,,0,30,,2181,2,,,0,70,,2194,2,,,0,30,,2182,2,,,0,70,,2195,2,,,0,30,,2183,2,,,0,70,,2196,2,,,0,30,,2184,2,,,0,70,,2197,2,,,0,100,,2198,2,,,0,100,,2199,2,,,0,100,,2200,2,,,0,100,,2201,2,,,0
1500,'74',820,,2204,2,,,0,100,,2205,2,,,0,100,,2206,2,,,0,100,,2207,2,,,0,100,,2208,2,,,0,100,,2209,2,,,0,100,,2210,2,,,0,100,,2211,2,,,0,100,,2212,2,,,0,100,,2203,2,,,0,100,,2202,2,,,0
1500,'75',620,,2230,2,,,0,30,,2213,2,,,0,70,,2231,2,,,0,30,,2214,2,,,0,70,,2226,2,,,0,30,,2215,2,,,0,70,,2227,2,,,0,30,,2216,2,,,0,70,,2228,2,,,0,30,,2217,2,,,0,70,,2229,2,,,0,30,,2218,2,,,0,70,,2232,2,,,0,30,,2219,2,,,0,70,,2233,2,,,0,30,,2237,2,,,0,70,,2234,2,,,0,30,,2238,2,,,0,70,,2235,2,,,0,30,,2239,2,,,0,70,,2236,2,,,0,30,,2240,2,,,0,70,,2220,2,,,0,30,,2241,2,,,0,70,,2221,2,,,0,100,,2222,2,,,0,100,,2223,2,,,0,100,,2224,2,,,0,100,,2225,2,,,0
2300,'73',755,,2397,2,,,0,100,,2398,2,,,0,100,,2399,2,,,0,100,,2400,2,,,0,100,,2401,2,,,0,100,,2393,2,,,0,100,,2394,2,,,0,100,,2395,2,,,0,100,,2396,2,,,0,100,,2392,2,,,0,101,,2391,2,,,0
2300,'75',625,,2417,2,,,0,30,,2403,2,,,0,70,,2418,2,,,0,30,,2404,2,,,0,70,,2425,2,,,0,30,,2405,2,,,0,70,,2419,2,,,0,30,,2406,2,,,0,70,,2420,2,,,0,30,,2407,2,,,0,70,,2421,2,,,0,30,,2408,2,,,0,70,,2426,2,,,0,30,,2409,2,,,0,70,,2427,2,,,0,30,,2410,2,,,0,70,,2428,2,,,0,30,,2411,2,,,0,70,,2422,2,,,0,30,,2412,2,,,0,70,,2423,2,,,0,30,,2413,2,,,0,70,,2424,2,,,0,30,,2414,2,,,0,100,,2415,2,,,0,100,,2416,2,,,0,101,,2402,2,,,0
