101,'1',630,,136,12,,,0,70,,108,12,,,0,15,,131,12,,,0,15,,103,12,,,0,15,,125,12,,,0,55,,135,12,,,0,15,,117,12,,,0,15,,107,12,,,0,15,,105,12,,,0,55,,142,12,,,0,15,,106,12,,,0,15,,130,12,,,0,15,,147,12,,,0,55,,116,12,,,0,30,,118,12,,,0,70,,139,12,,,0,30,,124,12,,,0,70,,102,12,,,0,30,,101,12,,,0,70,,128,12,,,0,30,,138,12,,,0,70,,126,12,,,0,30,,134,12,,,0,70,,120,12,,,0,30,,114,12,,,0,15,,123,12,,,0,55,,140,12,,,0,15,,137,12,,,0,15,,145,12,,,0,15,,109,12,,,0,55,,132,12,,,0,15,,141,12,,,0,15,,119,12,,,0,15,,110,12,0,18 19,0,55,,143,12,,,0,15,,144,12,0,18 19,0,15,,104,12,,,0,70,,115,12,,,0,30,,129,12,,,0,70,,127,12,,,0,30,,111,12,,,0,70,,112,12,,,0,30,,122,12,,,0,70,,133,12,,,0,30,,121,12,0,18 19,0,70,,113,12,0,18 19,0,30,,146,12,0,18 19,0
101,'2',700,,155,12,,,0,30,,151,12,,,0,70,,178,12,,,0,30,,153,12,,,0,70,,158,12,,,0,30,,166,12,,,0,70,,154,12,,,0,30,,172,12,,,0,70,,171,12,,,0,30,,163,12,,,0,70,,159,12,,,0,30,,157,12,,,0,70,,156,12,,,0,30,,176,12,,,0,70,,162,12,,,0,30,,175,12,,,0,70,,160,12,,,0,30,,149,12,,,0,70,,173,12,,,0,30,,170,12,,,0,70,,150,12,,,0,30,,152,12,,,0,70,,165,12,,,0,30,,164,12,,,0,70,,177,12,,,0,30,,167,12,,,0,70,,148,12,,,0,30,,179,12,,,0,70,,169,12,,,0,30,,161,12,,,0,70,,174,12,0,18 19,0,30,,168,12,0,18 19,0
101,'3',800,,200,12,,,0,30,,186,12,,,0,70,,184,12,,,0,30,,189,12,,,0,70,,195,12,,,0,30,,181,12,,,0,70,,185,12,,,0,30,,183,12,,,0,70,,201,12,,,0,30,,182,12,,,0,70,,194,12,,,0,30,,180,12,,,0,70,,191,12,,,0,30,,197,12,,,0,70,,187,12,,,0,30,,188,12,,,0,70,,196,12,,,0,30,,198,12,,,0,70,,190,12,,,0,30,,193,12,,,0,70,,192,12,0,18 19,0,30,,199,12,0,18 19,0
301,'1',616,,310,21,,,0,30,,303,21,,,0,70,,292,21,,,0,30,,326,21,,,0,70,,301,21,,,0,30,,323,21,,,0,70,,293,21,,,0,30,,313,21,,,0,70,,311,21,,,0,30,,296,21,,,0,70,,315,21,,,0,30,,325,21,,,0,70,,321,21,,,0,30,,297,21,,,0,70,,294,21,,,0,30,,306,21,,,0,70,,309,21,,,0,30,,305,21,,,0,70,,304,21,,,0,30,,308,21,,,0,70,,320,21,,,0,30,,300,21,,,0,70,,324,21,,,0,30,,322,21,,,0,70,,295,21,,,0,30,,319,21,,,0,70,,312,21,,,0,30,,327,21,,,0,70,,316,21,,,0,30,,307,21,,,0,70,,298,21,,,0,30,,314,21,,,0,70,,299,21,,,0,30,,302,21,,,0,70,,318,21,,,0,30,,317,21,0,20 21,0
301,'2',716,,353,21,,,0,30,,350,21,,,0,70,,331,21,,,0,30,,352,21,,,0,70,,357,21,,,0,30,,347,21,,,0,70,,338,21,,,0,30,,356,21,,,0,70,,343,21,,,0,30,,345,21,,,0,70,,328,21,,,0,30,,335,21,,,0,70,,330,21,,,0,30,,351,21,,,0,70,,339,21,,,0,30,,342,21,,,0,70,,341,21,,,0,30,,332,21,,,0,70,,336,21,,,0,30,,329,21,,,0,70,,333,21,,,0,30,,359,21,,,0,70,,340,21,,,0,30,,334,21,,,0,70,,358,21,,,0,30,,355,21,,,0,70,,348,21,,,0,30,,349,21,,,0,70,,354,21,,,0,30,,337,21,,,0,70,,346,21,,,0,30,,344,21,,,0
301,'3',746,,380,21,,,0,70,,378,21,,,0,30,,371,21,,,0,70,,372,21,,,0,30,,379,21,,,0,70,,366,21,,,0,30,,367,21,,,0,70,,376,21,,,0,30,,373,21,,,0,70,,382,21,,,0,30,,375,21,,,0,70,,381,21,,,0,30,,365,21,,,0,70,,362,21,,,0,30,,364,21,,,0,70,,360,21,,,0,30,,361,21,,,0,70,,363,21,,,0,30,,374,21,,,0,70,,370,21,,,0,30,,369,21,,,0,70,,368,21,,,0,30,,377,21,,,0
901,'1',700,,417,18,,,0,30,,408,18,,,0,70,,410,18,,,0,30,,429,18,,,0,70,,416,18,,,0,30,,418,18,,,0,70,,428,18,,,0,30,,425,18,,,0,70,,423,18,,,0,30,,415,18,,,0,70,,409,18,,,0,30,,421,18,,,0,70,,411,18,,,0,30,,413,18,,,0,70,,412,18,,,0,30,,414,18,,,0,70,,422,18,,,0,30,,420,18,,,0,70,,426,18,,,0,30,,424,18,,,0,70,,431,18,,,0,30,,419,18,,,0,70,,427,18,,,0,30,,430,18,,,0
1501,'1',635,,527,24,,,0,70,,525,28,,,0,30,,530,28,,,0,70,,513,28,,,0,30,,535,28,,,0,70,,516,28,,,0,30,,524,28,,,0,70,,537,28,,,0,30,,526,28,,,0,70,,519,28,,,0,30,,534,28,,,0,70,,529,28,,,0,30,,531,28,,,0,70,,517,28,,,0,30,,521,28,,,0,70,,509,28,,,0,30,,523,28,,,0,70,,510,28,,,0,30,,515,28,,,0,70,,514,28,,,0,30,,522,28,,,0,70,,518,28,,,0,30,,532,28,,,0,70,,511,28,,,0,30,,512,28,,,0,70,,536,28,,,0,100,,533,28,,,0,100,,528,28,,,0,100,,508,28,,,0,100,,520,28,,,0
1501,'2',705,,544,24,,,0,100,,552,28,,,0,100,,547,28,,,0,100,,542,28,,,0,100,,551,28,,,0,30,,558,28,,,0,70,,543,28,,,0,30,,557,28,,,0,70,,549,28,,,0,30,,540,28,,,0,70,,541,28,,,0,30,,546,28,,,0,70,,550,28,,,0,30,,555,28,,,0,70,,539,28,,,0,30,,548,28,,,0,70,,561,28,,,0,30,,554,28,,,0,70,,553,28,,,0,30,,538,28,,,0,70,,560,28,,,0,100,,559,28,,,0,100,,545,28,,,0,100,,556,28,,,0
1501,'3',805,,565,24,,,0,100,,572,28,,,0,100,,566,28,,,0,100,,562,28,,,0,100,,569,28,,,0,100,,563,28,,,0,100,,571,28,,,0,100,,564,28,,,0,100,,568,28,,,0,100,,570,28,,,0,100,,567,28,,,0
2009,'1',625,,574,22,4,,0,100,,592,22,4,,0,100,,597,22,4,,0,100,,594,22,4,,0,100,,575,22,4,,0,100,,577,22,4,,0,100,,587,22,4,,0,100,,581,22,4,,0,100,,589,22,4,,0,100,,593,22,4,,0,100,,579,22,4,,0,100,,586,22,4,,0,100,,573,22,4,,0
2009,'2',825,,611,22,4,,0,100,,613,22,4,,0,100,,602,22,4,,0,100,,616,22,4,,0,100,,606,22,4,,0,100,,601,22,4,,0,100,,609,22,4,,0,100,,607,22,4,,0,100,,603,22,4,,0,100,,617,22,4,,0,100,,615,22,4,,0
2309,'1',645,,673,29,,,0,70,,663,29,,,0,30,,678,29,,,0,70,,669,29,,,0,30,,658,29,,,0,70,,661,29,,,0,30,,677,29,,,0,70,,675,29,,,0,30,,672,29,,,0,70,,681,29,,,0,30,,682,29,,,0,70,,660,29,,,0,30,,659,29,,,0,70,,662,29,,,0,30,,668,29,,,0,70,,671,29,,,0,30,,674,29,,,0,70,,684,29,,,0,30,,666,29,,,0,70,,667,29,,,0,30,,670,29,,,0,70,,680,29,,,0,30,,683,29,,,0,70,,664,29,,,0,100,,676,29,,,0,100,,679,29,,,0,100,,665,29,,,0
2309,'2',815,,685,29,,,0,100,,694,29,,,0,100,,687,29,,,0,100,,693,29,,,0,100,,692,29,,,0,100,,690,29,,,0,100,,695,29,,,0,100,,691,29,,,0,100,,686,29,,,0,100,,689,29,,,0,100,,688,29,,,0
2409,'1',645,,702,27,4,,0,100,,699,27,4,,0,100,,698,27,4,,0,100,,700,27,4,,0,100,,706,27,4,,0,100,,705,27,4,,0,100,,696,27,4,,0,100,,703,27,4,,0,100,,704,27,4,,0,100,,707,27,4,,0,100,,701,27,4,,0,100,,697,27,4,,0
2409,'2',745,,714,27,4,,0,100,,715,27,4,,0,100,,717,27,4,,0,100,,718,27,4,,0,100,,710,27,4,,0,100,,716,27,4,,0,100,,711,27,4,,0,100,,709,27,4,,0,100,,708,27,4,,0,100,,713,27,4,,0,100,,712,27,4,,0
