100,'70',654,,873,28,,,0,70,,884,28,,,0,31,,891,31,,,0,70,,865,31,,,0,30,,882,31,,,0,70,,892,31,,,0,30,,866,31,,,0,70,,883,31,,,0,30,,887,31,,,0,70,,867,31,,,0,30,,874,31,,,0,70,,888,31,,,0,30,,868,31,,,0,70,,875,31,,,0,30,,889,31,,,0,70,,869,31,,,0,30,,876,31,,,0,70,,885,31,,,0,30,,863,31,,,0,70,,877,31,,,0,30,,886,31,,,0,70,,864,31,,,0,30,,878,31,,,0,70,,890,31,,,0,30,,870,31,,,0,70,,879,31,,,0,30,,893,31,,,0,70,,871,31,,,0,30,,880,31,,,0,70,,894,31,,,0,30,,872,31,,,0,70,,881,31,,,0
100,'71',754,,910,28,,,0,70,,900,28,,,0,31,,902,31,,,0,70,,912,31,,,0,30,,901,31,,,0,70,,903,31,,,0,30,,916,31,,,0,70,,895,31,,,0,30,,904,31,,,0,70,,909,31,,,0,30,,896,31,,,0,70,,905,31,,,0,30,,913,31,,,0,70,,897,31,,,0,30,,906,31,,,0,70,,914,31,,,0,30,,898,31,,,0,70,,907,31,,,0,30,,915,31,,,0,70,,899,31,,,0,30,,908,31,,,0,70,,911,31,,,0
100,'72',624,,943,28,,,0,30,,927,28,,,0,55,,956,28,,,0,16,,933,31,,,0,15,,958,31,,,0,15,,949,31,,,0,55,,951,31,,,0,15,,917,31,,,0,15,,954,31,,,0,15,,928,31,,,0,55,,959,31,,,0,15,,950,31,,,0,30,,921,31,,,0,70,,929,31,,,0,30,,942,31,,,0,70,,922,31,,,0,30,,934,31,,,0,70,,940,31,,,0,30,,923,31,,,0,70,,935,31,,,0,30,,939,31,,,0,70,,924,31,,,0,30,,936,31,,,0,54,,962,28,,,0,16,,945,31,,,0,14,,953,28,,,0,16,,925,31,,,0,54,,957,28,,,0,16,,937,31,,,0,15,,960,31,,,0,15,,946,31,,,0,55,,952,31,,,0,15,,926,31,,,0,15,,955,31,,,0,15,,930,31,,,0,55,,961,31,,,0,15,,947,31,,,0,30,,918,31,,,0,70,,931,31,,,0,30,,948,31,,,0,70,,919,31,,,0,30,,932,31,,,0,70,,941,31,,,0,30,,920,31,,,0,70,,938,31,,,0,30,,944,31,,,0
300,'70',640,,1086,30,,,0,70,,1065,30,,,0,30,,1079,30,,,0,70,,1087,30,,,0,30,,1066,30,,,0,70,,1080,30,,,0,30,,1088,30,,,0,70,,1067,30,,,0,30,,1081,30,,,0,70,,1096,30,,,0,30,,1068,30,,,0,70,,1077,30,,,0,30,,1090,30,,,0,70,,1069,30,,,0,30,,1078,30,,,0,70,,1095,30,,,0,30,,1070,30,,,0,70,,1083,30,,,0,30,,1089,30,,,0,70,,1071,30,,,0,30,,1084,30,,,0,70,,1091,30,,,0,30,,1072,30,,,0,70,,1082,30,,,0,30,,1092,30,,,0,70,,1073,30,,,0,30,,1085,30,,,0,70,,1093,30,,,0,30,,1074,30,,,0,70,,1076,30,,,0,30,,1094,30,,,0,70,,1075,30,,,0
300,'71',740,,1111,30,,,0,70,,1119,30,,,0,30,,1099,30,,,0,70,,1104,30,,,0,30,,1115,30,,,0,70,,1098,30,,,0,30,,1105,30,,,0,70,,1113,30,,,0,30,,1100,30,,,0,70,,1106,30,,,0,30,,1114,30,,,0,70,,1101,30,,,0,30,,1107,30,,,0,70,,1117,30,,,0,30,,1102,30,,,0,70,,1108,30,,,0,30,,1118,30,,,0,70,,1103,30,,,0,30,,1109,30,,,0,70,,1112,30,,,0,30,,1097,30,,,0,70,,1110,30,,,0,26,,1116,30,0,14 15,0
300,'72',610,,1141,30,,,0,30,,1154,30,,,0,70,,1128,30,,,0,30,,1142,30,,,0,70,,1149,30,,,0,30,,1125,30,,,0,70,,1137,30,,,0,30,,1144,30,,,0,70,,1126,30,,,0,30,,1131,30,,,0,70,,1150,30,,,0,30,,1127,30,,,0,70,,1138,30,,,0,30,,1145,30,,,0,70,,1120,30,,,0,30,,1132,30,,,0,70,,1146,30,,,0,30,,1121,30,,,0,70,,1133,30,,,0,30,,1147,30,,,0,70,,1122,30,,,0,30,,1134,30,,,0,70,,1148,30,,,0,30,,1123,30,,,0,70,,1139,30,,,0,30,,1143,30,,,0,70,,1124,30,,,0,30,,1136,30,,,0,70,,1152,30,,,0,30,,1129,30,,,0,70,,1140,30,,,0,30,,1153,30,,,0,70,,1130,30,,,0,30,,1135,30,,,0,70,,1151,30,,,0
900,'72',621,,1246,30,,,0,30,,1262,30,,,0,70,,1268,30,,,0,30,,1247,30,,,0,70,,1255,30,,,0,30,,1263,30,,,0,70,,1248,30,,,0,30,,1256,30,,,0,70,,1264,30,,,0,30,,1249,30,,,0,70,,1257,30,,,0,30,,1265,30,,,0,70,,1250,30,,,0,30,,1258,30,,,0,70,,1266,30,,,0,30,,1251,30,,,0,70,,1259,30,,,0,30,,1267,30,,,0,70,,1252,30,,,0,30,,1260,30,,,0,70,,1269,30,,,0,30,,1253,30,,,0,70,,1261,30,,,0,30,,1270,30,,,0,70,,1254,30,,,0
2000,'70',807,,1448,33,,,0,100,,1442,33,,,0,100,,1443,33,,,0,100,,1440,33,,,0,100,,1444,33,,,0,100,,1441,33,,,0,100,,1445,33,,,0,100,,1446,33,,,0,100,,1447,33,,,0,100,,1457,33,,,0
2000,'72',707,,1459,33,,,0,100,,1460,33,,,0,100,,1458,33,,,0,100,,1463,33,,,0,100,,1465,33,,,0,100,,1466,33,,,0,100,,1464,33,,,0,100,,1468,33,,,0,100,,1482,33,,,0,100,,1461,33,,,0,100,,1462,33,,,0,100,,1467,33,,,0
2100,'70',752,,1483,24,,,0,100,,1484,24,,,0,100,,1489,24,,,0,100,,1490,24,,,0,100,,1491,24,,,0,100,,1488,24,,,0,100,,1492,24,,,0,100,,1493,24,,,0,100,,1485,24,,,0,100,,1486,24,,,0,100,,1487,24,,,0
2100,'72',652,,1507,24,,,0,70,,1517,24,,,0,30,,1508,24,,,0,70,,1518,24,,,0,30,,1503,24,,,0,70,,1519,24,,,0,30,,1504,24,,,0,70,,1520,24,,,0,30,,1505,24,,,0,70,,1515,24,,,0,30,,1506,24,,,0,70,,1509,24,,,0,30,,1494,24,,,0,70,,1510,24,,,0,30,,1499,24,,,0,70,,1511,24,,,0,30,,1500,24,,,0,70,,1512,24,,,0,30,,1501,24,,,0,70,,1513,24,,,0,30,,1502,24,,,0,70,,1514,24,,,0,30,,1495,24,,,0,70,,1516,24,,,0,30,,1496,24,,,0,100,,1497,24,,,0,100,,1498,24,,,0
2300,'70',827,,1527,43,,,0,100,,1528,43,,,0,100,,1529,43,,,0,100,,1530,43,,,0,100,,1531,43,,,0,100,,1523,43,,,0,100,,1524,43,,,0,100,,1525,43,,,0,100,,1526,43,,,0,100,,1522,43,,,0
2300,'72',657,,1547,43,,,0,70,,1533,43,,,0,30,,1548,43,,,0,70,,1534,43,,,0,30,,1555,43,,,0,70,,1535,43,,,0,30,,1549,43,,,0,70,,1536,43,,,0,30,,1550,43,,,0,70,,1537,43,,,0,30,,1551,43,,,0,70,,1538,43,,,0,30,,1556,43,,,0,70,,1539,43,,,0,30,,1557,43,,,0,70,,1540,43,,,0,30,,1558,43,,,0,70,,1541,43,,,0,30,,1552,43,,,0,70,,1542,43,,,0,30,,1553,43,,,0,70,,1543,43,,,0,30,,1554,43,,,0,70,,1544,43,,,0,100,,1545,43,,,0,100,,1546,43,,,0
3300,'72',740,,1696,38,0,9 1 26,0,100,,1697,38,0,9 1 26,0,700,,1698,38,0,9 1 26,0,100,,1694,38,0,9 1 26,0,100,,1695,38,0,9 1 26,0
3500,'72',710,,1705,11,0,27 28,0,20,,1714,11,0,27 28,0,20,,1706,11,0,27 28,0,60,,1715,11,0,27 28,0,20,,1707,11,0,27 28,0,700,,1708,11,0,27 28,0,20,,1716,11,0,27 28,0,60,,1709,11,0,27 28,0,20,,1712,11,0,27 28,0,20,,1710,11,0,27 28,0,60,,1713,11,0,27 28,0,20,,1711,11,0,27 28,0
5200,'72',739,,1731,26,,,0,110,,1732,26,,,0,860,,1729,26,,,0,110,,1730,26,,,0
