101,'70',702,,991,17,,,0,30,,965,17,,,0,70,,980,17,,,0,30,,992,17,,,0,70,,966,17,,,0,30,,981,17,,,0,70,,993,17,,,0,30,,967,17,,,0,70,,982,17,,,0,30,,990,17,,,0,70,,968,17,,,0,30,,974,17,,,0,70,,994,17,,,0,30,,969,17,,,0,70,,975,17,,,0,30,,984,17,,,0,70,,963,17,,,0,30,,976,17,,,0,70,,985,17,,,0,30,,970,17,,,0,70,,977,17,,,0,30,,987,17,,,0,70,,971,17,,,0,30,,978,17,,,0,70,,988,17,,,0,30,,972,17,,,0,70,,983,17,,,0,30,,989,17,,,0,70,,973,17,,,0,30,,979,17,,,0,70,,986,17,,,0,30,,964,17,,,0
101,'71',802,,1003,17,,,0,30,,1013,17,,,0,70,,997,17,,,0,30,,1004,17,,,0,70,,1012,17,,,0,30,,998,17,,,0,70,,1005,17,,,0,30,,1010,17,,,0,70,,999,17,,,0,30,,1006,17,,,0,70,,1011,17,,,0,30,,996,17,,,0,70,,1007,17,,,0,30,,1015,17,,,0,70,,1000,17,,,0,30,,1008,17,,,0,70,,1016,17,,,0,30,,1001,17,,,0,70,,1009,17,,,0,30,,1014,17,,,0,70,,995,17,,,0,30,,1002,17,,,0
101,'72',634,,1034,17,,,0,15,,1063,17,,,0,55,,1049,17,,,0,15,,1054,17,,,0,15,,1023,17,,,0,15,,1057,17,,,0,55,,1035,17,,,0,15,,1064,17,,,0,15,,1050,17,,,0,15,,1052,17,,,0,55,,1022,17,,,0,15,,1058,17,,,0,15,,1036,17,,,0,15,,1061,17,,,0,55,,1041,17,,,0,30,,1024,17,,,0,70,,1037,17,,,0,30,,1042,17,,,0,70,,1025,17,,,0,30,,1038,17,,,0,70,,1043,17,,,0,30,,1026,17,,,0,70,,1039,17,,,0,30,,1044,17,,,0,70,,1018,17,,,0,30,,1028,17,,,0,15,,1062,17,,,0,55,,1045,17,,,0,15,,1055,17,,,0,15,,1027,17,,,0,15,,1059,17,,,0,55,,1030,17,,,0,15,,1060,17,,,0,15,,1046,17,,,0,15,,1053,17,,,0,55,,1019,17,,,0,15,,1056,17,,,0,15,,1032,17,,,0,70,,1047,17,,,0,30,,1020,17,,,0,70,,1033,17,,,0,30,,1048,17,,,0,70,,1021,17,,,0,30,,1029,17,,,0,70,,1051,17,,,0,30,,1017,17,,,0,70,,1031,17,,,0,30,,1040,17,,,0
301,'70',717,,1183,24,,,0,30,,1162,24,,,0,70,,1166,24,,,0,30,,1184,24,,,0,70,,1155,24,,,0,30,,1167,24,,,0,70,,1185,24,,,0,30,,1156,24,,,0,70,,1168,24,,,0,30,,1186,24,,,0,70,,1157,24,,,0,30,,1172,24,,,0,70,,1176,24,,,0,30,,1158,24,,,0,70,,1173,24,,,0,30,,1177,24,,,0,70,,1159,24,,,0,30,,1174,24,,,0,70,,1178,24,,,0,30,,1160,24,,,0,70,,1175,24,,,0,30,,1179,24,,,0,70,,1161,24,,,0,30,,1169,24,,,0,70,,1180,24,,,0,30,,1163,24,,,0,70,,1170,24,,,0,30,,1181,24,,,0,70,,1164,24,,,0,30,,1171,24,,,0,70,,1182,24,,,0,30,,1165,24,,,0
301,'71',747,,1187,24,,,0,70,,1195,24,,,0,30,,1209,24,,,0,70,,1188,24,,,0,30,,1196,24,,,0,70,,1203,24,,,0,30,,1189,24,,,0,70,,1197,24,,,0,30,,1204,24,,,0,70,,1190,24,,,0,30,,1198,24,,,0,70,,1205,24,,,0,30,,1191,24,,,0,70,,1199,24,,,0,30,,1206,24,,,0,70,,1192,24,,,0,30,,1200,24,,,0,70,,1207,24,,,0,30,,1193,24,,,0,70,,1201,24,,,0,30,,1208,24,,,0,70,,1194,24,,,0,30,,1202,24,,,0
301,'72',617,,1221,24,,,0,30,,1222,24,,,0,70,,1238,24,,,0,30,,1218,24,,,0,70,,1223,24,,,0,30,,1239,24,,,0,70,,1219,24,,,0,30,,1224,24,,,0,70,,1240,24,,,0,30,,1220,24,,,0,70,,1225,24,,,0,30,,1236,24,,,0,70,,1210,24,,,0,30,,1226,24,,,0,70,,1237,24,,,0,30,,1211,24,,,0,70,,1227,24,,,0,30,,1234,24,,,0,70,,1212,24,,,0,30,,1228,24,,,0,70,,1241,24,,,0,30,,1213,24,,,0,70,,1229,24,,,0,30,,1242,24,,,0,70,,1214,24,,,0,30,,1230,24,,,0,70,,1243,24,,,0,30,,1215,24,,,0,70,,1231,24,,,0,30,,1244,24,,,0,70,,1216,24,,,0,30,,1232,24,,,0,70,,1235,24,,,0,30,,1217,24,,,0,70,,1233,24,,,0,30,,1245,24,0,14 15,0
901,'72',632,,1287,23,,,0,70,,1271,23,,,0,30,,1280,23,,,0,70,,1294,23,,,0,30,,1272,23,,,0,70,,1281,23,,,0,30,,1295,23,,,0,70,,1273,23,,,0,30,,1279,23,,,0,70,,1289,23,,,0,30,,1274,23,,,0,70,,1282,23,,,0,30,,1290,23,,,0,70,,1275,23,,,0,30,,1285,23,,,0,70,,1291,23,,,0,30,,1278,23,,,0,70,,1286,23,,,0,30,,1292,23,,,0,70,,1276,23,,,0,30,,1283,23,,,0,70,,1293,23,,,0,30,,1277,23,,,0,70,,1284,23,,,0,30,,1288,23,,,0
1501,'70',709,,1389,31,,,0,100,,1393,35,,,0,100,,1386,35,,,0,100,,1390,35,,,0,100,,1392,35,,,0,30,,1373,35,,,0,70,,1381,35,,,0,30,,1374,35,,,0,70,,1382,35,,,0,30,,1375,35,,,0,70,,1383,35,,,0,30,,1376,35,,,0,70,,1384,35,,,0,30,,1377,35,,,0,70,,1385,35,,,0,30,,1378,35,,,0,70,,1391,35,,,0,30,,1379,35,,,0,70,,1387,35,,,0,30,,1372,35,,,0,70,,1395,35,,,0,100,,1388,35,,,0,100,,1380,35,,,0,100,,1394,35,,,0,100,,1396,35,,,0
1501,'71',809,,1404,31,,,0,100,,1403,35,,,0,100,,1401,35,,,0,100,,1402,35,,,0,100,,1400,35,,,0,100,,1406,35,,,0,100,,1407,35,,,0,100,,1398,35,,,0,100,,1399,35,,,0,100,,1397,35,,,0,100,,1405,35,,,0
1501,'72',639,,1410,31,,,0,70,,1416,35,,,0,30,,1411,35,,,0,70,,1431,35,,,0,30,,1412,35,,,0,70,,1426,35,,,0,30,,1413,35,,,0,70,,1427,35,,,0,30,,1408,35,,,0,70,,1432,35,,,0,30,,1414,35,,,0,70,,1419,35,,,0,30,,1415,35,,,0,70,,1422,35,,,0,30,,1409,35,,,0,70,,1417,35,,,0,30,,1437,35,,,0,70,,1420,35,,,0,30,,1434,35,,,0,70,,1421,35,,,0,30,,1435,35,,,0,70,,1430,35,,,0,30,,1436,35,,,0,70,,1423,35,,,0,30,,1433,35,,,0,70,,1424,35,,,0,100,,1425,35,,,0,100,,1428,35,,,0,100,,1429,35,,,0,100,,1418,35,,,0
2300,'70',816,,1527,32,,,0,100,,1528,32,,,0,100,,1529,32,,,0,100,,1530,32,,,0,100,,1531,32,,,0,100,,1523,32,,,0,100,,1524,32,,,0,100,,1525,32,,,0,100,,1526,32,,,0,100,,1522,32,,,0,103,,1521,32,,,0
2300,'72',646,,1547,32,,,0,70,,1533,32,,,0,30,,1548,32,,,0,70,,1534,32,,,0,30,,1555,32,,,0,70,,1535,32,,,0,30,,1549,32,,,0,70,,1536,32,,,0,30,,1550,32,,,0,70,,1537,32,,,0,30,,1551,32,,,0,70,,1538,32,,,0,30,,1556,32,,,0,70,,1539,32,,,0,30,,1557,32,,,0,70,,1540,32,,,0,30,,1558,32,,,0,70,,1541,32,,,0,30,,1552,32,,,0,70,,1542,32,,,0,30,,1553,32,,,0,70,,1543,32,,,0,30,,1554,32,,,0,70,,1544,32,,,0,100,,1545,32,,,0,100,,1546,32,,,0,103,,1532,32,,,0
