100,'1',626,,8,30,,,0,30,,5,30,,,0,55,,16,30,,,0,15,,18,30,,,0,15,,38,30,,,0,15,,24,33,,,0,55,,14,33,,,0,15,,20,33,,,0,15,,6,33,,,0,15,,31,33,,,0,55,,2,33,,,0,15,,40,33,,,0,30,,7,33,,,0,70,,15,33,,,0,30,,35,33,,,0,70,,13,33,,,0,30,,1,33,,,0,70,,22,33,,,0,30,,10,33,,,0,70,,17,33,,,0,30,,26,33,,,0,70,,9,33,,,0,30,,30,33,,,0,55,,44,30,,,0,15,,23,33,,,0,15,,36,30,,,0,15,,25,33,,,0,55,,21,30,,,0,15,,28,33,,,0,15,,43,33,,,0,15,,12,33,,,0,55,,46,33,,,0,15,,32,33,,,0,15,,33,33,,,0,15,,37,33,,,0,55,,4,33,,,0,15,,3,33,,,0,30,,29,33,,,0,70,,45,33,,,0,30,,39,33,,,0,70,,41,33,,,0,30,,11,33,,,0,70,,19,33,,,0,30,,34,33,,,0,70,,27,33,,,0,30,,42,33,,,0
100,'2',656,,59,30,,,0,70,,62,30,,,0,30,,78,33,,,0,70,,60,33,,,0,30,,63,33,,,0,70,,55,33,,,0,30,,52,33,,,0,70,,74,33,,,0,30,,48,33,,,0,70,,53,33,,,0,30,,69,33,,,0,70,,51,33,,,0,30,,50,33,,,0,70,,66,33,,,0,30,,49,33,,,0,70,,77,33,,,0,30,,71,33,,,0,70,,47,33,,,0,30,,67,33,,,0,70,,64,33,,,0,30,,58,33,,,0,70,,73,33,,,0,30,,56,33,,,0,70,,61,33,,,0,30,,57,33,,,0,70,,75,33,,,0,30,,72,33,,,0,70,,76,33,,,0,30,,54,33,,,0,70,,68,33,,,0,30,,65,33,,,0,70,,70,33,,,0
100,'3',756,,97,30,,,0,70,,80,30,,,0,30,,98,33,,,0,70,,85,33,,,0,30,,86,33,,,0,70,,96,33,,,0,30,,95,33,,,0,70,,94,33,,,0,30,,82,33,,,0,70,,88,33,,,0,30,,92,33,,,0,70,,84,33,,,0,30,,91,33,,,0,70,,83,33,,,0,30,,99,33,,,0,70,,90,33,,,0,30,,87,33,,,0,70,,100,33,,,0,30,,79,33,,,0,70,,93,33,,,0,30,,89,33,,,0,70,,81,33,,,0
300,'1',611,,212,31,,,0,30,,202,31,,,0,70,,217,31,,,0,30,,218,31,,,0,70,,207,31,,,0,30,,206,31,,,0,70,,209,31,,,0,30,,232,31,,,0,70,,211,31,,,0,30,,223,31,,,0,70,,224,31,,,0,30,,227,31,,,0,70,,230,31,,,0,30,,222,31,,,0,70,,221,31,,,0,30,,235,31,,,0,70,,231,31,,,0,30,,203,31,,,0,70,,215,31,,,0,30,,233,31,,,0,70,,205,31,,,0,30,,204,31,,,0,70,,219,31,,,0,30,,208,31,,,0,70,,229,31,,,0,30,,236,31,,,0,70,,226,31,,,0,30,,216,31,,,0,70,,234,31,,,0,30,,220,31,,,0,70,,213,31,,,0,30,,225,31,,,0,70,,214,31,,,0,30,,210,31,,,0,70,,228,31,,,0
300,'2',641,,237,31,,,0,70,,248,31,,,0,30,,266,31,,,0,70,,255,31,,,0,30,,250,31,,,0,70,,251,31,,,0,30,,241,31,,,0,70,,264,31,,,0,30,,244,31,,,0,70,,267,31,,,0,30,,259,31,,,0,70,,243,31,,,0,30,,254,31,,,0,70,,246,31,,,0,30,,252,31,,,0,70,,268,31,,,0,30,,240,31,,,0,70,,245,31,,,0,30,,256,31,,,0,70,,242,31,,,0,30,,249,31,,,0,70,,265,31,,,0,30,,257,31,,,0,70,,261,31,,,0,30,,239,31,,,0,70,,260,31,,,0,30,,263,31,,,0,70,,262,31,,,0,30,,253,31,,,0,70,,238,31,,,0,30,,258,31,,,0,70,,247,31,,,0
300,'3',741,,273,31,,,0,70,,284,31,,,0,30,,291,31,,,0,70,,281,31,,,0,30,,279,31,,,0,70,,289,31,,,0,30,,271,31,,,0,70,,287,31,,,0,30,,283,31,,,0,70,,280,31,,,0,30,,282,31,,,0,70,,276,31,,,0,30,,288,31,,,0,70,,286,31,,,0,30,,274,31,,,0,70,,290,31,,,0,30,,278,31,,,0,70,,275,31,,,0,30,,277,31,,,0,70,,272,31,,,0,30,,285,31,,,0,70,,270,31,,,0,30,,269,31,,,0
900,'1',626,,404,32,,,0,30,,402,32,,,0,70,,405,32,,,0,30,,392,32,,,0,70,,406,32,,,0,30,,396,32,,,0,70,,400,32,,,0,30,,391,32,,,0,70,,407,32,,,0,30,,387,32,,,0,70,,384,32,,,0,30,,386,32,,,0,70,,388,32,,,0,30,,403,32,,,0,70,,389,32,,,0,30,,394,32,,,0,70,,383,32,,,0,30,,397,32,,,0,70,,393,32,,,0,30,,395,32,,,0,70,,399,32,,,0,30,,390,32,,,0,70,,401,32,,,0,30,,398,32,,,0,70,,385,32,,,0
1500,'1',621,,457,1,,,0,30,,465,1,,,0,70,,446,1,,,0,30,,460,1,,,0,70,,467,1,,,0,30,,454,1,,,0,70,,470,1,,,0,30,,447,1,,,0,70,,464,1,,,0,30,,472,1,,,0,70,,456,1,,,0,30,,466,1,,,0,70,,449,1,,,0,30,,455,1,,,0,70,,448,1,,,0,30,,453,1,,,0,70,,451,1,,,0,30,,444,1,,,0,70,,468,1,,,0,30,,445,1,,,0,70,,462,1,,,0,30,,463,1,,,0,70,,458,1,,,0,30,,450,1,,,0,70,,461,1,,,0,100,,452,1,,,0,100,,471,1,,,0,100,,459,1,,,0,100,,469,1,,,0
1500,'2',721,,482,1,,,0,100,,495,1,,,0,100,,476,1,,,0,100,,493,1,,,0,30,,492,1,,,0,70,,477,1,,,0,30,,487,1,,,0,70,,485,1,,,0,30,,474,1,,,0,70,,481,1,,,0,30,,480,1,,,0,70,,486,1,,,0,30,,496,1,,,0,70,,490,1,,,0,30,,491,1,,,0,70,,478,1,,,0,30,,484,1,,,0,70,,483,1,,,0,30,,489,1,,,0,70,,479,1,,,0,100,,494,1,,,0,100,,488,1,,,0,100,,475,1,,,0,100,,473,1,0,16 17,0
1500,'3',821,,498,1,,,0,100,,501,1,,,0,100,,499,1,,,0,100,,506,1,,,0,100,,504,1,,,0,100,,502,1,,,0,100,,503,1,,,0,100,,507,1,,,0,100,,505,1,,,0,100,,500,1,,,0,100,,497,1,0,16 17,0
2309,'1',625,,673,1,,,0,30,,663,1,,,0,70,,678,1,,,0,30,,669,1,,,0,70,,658,1,,,0,30,,661,1,,,0,70,,677,1,,,0,30,,675,1,,,0,70,,672,1,,,0,30,,681,1,,,0,70,,682,1,,,0,30,,660,1,,,0,70,,659,1,,,0,30,,662,1,,,0,70,,668,1,,,0,30,,671,1,,,0,70,,674,1,,,0,30,,684,1,,,0,70,,666,1,,,0,30,,667,1,,,0,70,,670,1,,,0,30,,680,1,,,0,70,,683,1,,,0,30,,664,1,,,0,100,,676,1,,,0,100,,679,1,,,0,100,,665,1,,,0
2309,'2',755,,685,1,,,0,100,,694,1,,,0,100,,687,1,,,0,100,,693,1,,,0,100,,692,1,,,0,100,,690,1,,,0,100,,695,1,,,0,100,,691,1,,,0,100,,686,1,,,0,100,,689,1,,,0,100,,688,1,,,0
