101,'1',634,,136,17,,,0,70,,108,17,,,0,15,,131,17,,,0,15,,103,17,,,0,15,,125,17,,,0,55,,135,17,,,0,15,,117,17,,,0,15,,107,17,,,0,15,,105,17,,,0,55,,142,17,,,0,15,,106,17,,,0,15,,130,17,,,0,15,,147,17,,,0,55,,116,17,,,0,30,,118,17,,,0,70,,139,17,,,0,30,,124,17,,,0,70,,102,17,,,0,30,,101,17,,,0,70,,128,17,,,0,30,,138,17,,,0,70,,126,17,,,0,30,,134,17,,,0,70,,120,17,,,0,30,,114,17,,,0,15,,123,17,,,0,55,,140,17,,,0,15,,137,17,,,0,15,,145,17,,,0,15,,109,17,,,0,55,,132,17,,,0,15,,141,17,,,0,15,,119,17,,,0,15,,110,17,0,18 19,0,55,,143,17,,,0,15,,144,17,0,18 19,0,15,,104,17,,,0,70,,115,17,,,0,30,,129,17,,,0,70,,127,17,,,0,30,,111,17,,,0,70,,112,17,,,0,30,,122,17,,,0,70,,133,17,,,0,30,,121,17,0,18 19,0,70,,113,17,0,18 19,0,30,,146,17,0,18 19,0
101,'2',704,,155,17,,,0,30,,151,17,,,0,70,,178,17,,,0,30,,153,17,,,0,70,,158,17,,,0,30,,166,17,,,0,70,,154,17,,,0,30,,172,17,,,0,70,,171,17,,,0,30,,163,17,,,0,70,,159,17,,,0,30,,157,17,,,0,70,,156,17,,,0,30,,176,17,,,0,70,,162,17,,,0,30,,175,17,,,0,70,,160,17,,,0,30,,149,17,,,0,70,,173,17,,,0,30,,170,17,,,0,70,,150,17,,,0,30,,152,17,,,0,70,,165,17,,,0,30,,164,17,,,0,70,,177,17,,,0,30,,167,17,,,0,70,,148,17,,,0,30,,179,17,,,0,70,,169,17,,,0,30,,161,17,,,0,70,,174,17,0,18 19,0,30,,168,17,0,18 19,0
101,'3',804,,200,17,,,0,30,,186,17,,,0,70,,184,17,,,0,30,,189,17,,,0,70,,195,17,,,0,30,,181,17,,,0,70,,185,17,,,0,30,,183,17,,,0,70,,201,17,,,0,30,,182,17,,,0,70,,194,17,,,0,30,,180,17,,,0,70,,191,17,,,0,30,,197,17,,,0,70,,187,17,,,0,30,,188,17,,,0,70,,196,17,,,0,30,,198,17,,,0,70,,190,17,,,0,30,,193,17,,,0,70,,192,17,0,18 19,0,30,,199,17,0,18 19,0
301,'1',619,,310,26,,,0,30,,303,26,,,0,70,,292,26,,,0,30,,326,26,,,0,70,,301,26,,,0,30,,323,26,,,0,70,,293,26,,,0,30,,313,26,,,0,70,,311,26,,,0,30,,296,26,,,0,70,,315,26,,,0,30,,325,26,,,0,70,,321,26,,,0,30,,297,26,,,0,70,,294,26,,,0,30,,306,26,,,0,70,,309,26,,,0,30,,305,26,,,0,70,,304,26,,,0,30,,308,26,,,0,70,,320,26,,,0,30,,300,26,,,0,70,,324,26,,,0,30,,322,26,,,0,70,,295,26,,,0,30,,319,26,,,0,70,,312,26,,,0,30,,327,26,,,0,70,,316,26,,,0,30,,307,26,,,0,70,,298,26,,,0,30,,314,26,,,0,70,,299,26,,,0,30,,302,26,,,0,70,,318,26,,,0,30,,317,26,0,20 21,0
301,'2',719,,353,26,,,0,30,,350,26,,,0,70,,331,26,,,0,30,,352,26,,,0,70,,357,26,,,0,30,,347,26,,,0,70,,338,26,,,0,30,,356,26,,,0,70,,343,26,,,0,30,,345,26,,,0,70,,328,26,,,0,30,,335,26,,,0,70,,330,26,,,0,30,,351,26,,,0,70,,339,26,,,0,30,,342,26,,,0,70,,341,26,,,0,30,,332,26,,,0,70,,336,26,,,0,30,,329,26,,,0,70,,333,26,,,0,30,,359,26,,,0,70,,340,26,,,0,30,,334,26,,,0,70,,358,26,,,0,30,,355,26,,,0,70,,348,26,,,0,30,,349,26,,,0,70,,354,26,,,0,30,,337,26,,,0,70,,346,26,,,0,30,,344,26,,,0
301,'3',749,,380,26,,,0,70,,378,26,,,0,30,,371,26,,,0,70,,372,26,,,0,30,,379,26,,,0,70,,366,26,,,0,30,,367,26,,,0,70,,376,26,,,0,30,,373,26,,,0,70,,382,26,,,0,30,,375,26,,,0,70,,381,26,,,0,30,,365,26,,,0,70,,362,26,,,0,30,,364,26,,,0,70,,360,26,,,0,30,,361,26,,,0,70,,363,26,,,0,30,,374,26,,,0,70,,370,26,,,0,30,,369,26,,,0,70,,368,26,,,0,30,,377,26,,,0
901,'1',702,,417,23,,,0,30,,408,23,,,0,70,,410,23,,,0,30,,429,23,,,0,70,,416,23,,,0,30,,418,23,,,0,70,,428,23,,,0,30,,425,23,,,0,70,,423,23,,,0,30,,415,23,,,0,70,,409,23,,,0,30,,421,23,,,0,70,,411,23,,,0,30,,413,23,,,0,70,,412,23,,,0,30,,414,23,,,0,70,,422,23,,,0,30,,420,23,,,0,70,,426,23,,,0,30,,424,23,,,0,70,,431,23,,,0,30,,419,23,,,0,70,,427,23,,,0,30,,430,23,,,0
1501,'1',639,,527,29,,,0,70,,525,33,,,0,30,,530,33,,,0,70,,513,33,,,0,30,,535,33,,,0,70,,516,33,,,0,30,,524,33,,,0,70,,537,33,,,0,30,,526,33,,,0,70,,519,33,,,0,30,,534,33,,,0,70,,529,33,,,0,30,,531,33,,,0,70,,517,33,,,0,30,,521,33,,,0,70,,509,33,,,0,30,,523,33,,,0,70,,510,33,,,0,30,,515,33,,,0,70,,514,33,,,0,30,,522,33,,,0,70,,518,33,,,0,30,,532,33,,,0,70,,511,33,,,0,30,,512,33,,,0,70,,536,33,,,0,100,,533,33,,,0,100,,528,33,,,0,100,,508,33,,,0,100,,520,33,,,0
1501,'2',709,,544,29,,,0,100,,552,33,,,0,100,,547,33,,,0,100,,542,33,,,0,100,,551,33,,,0,30,,558,33,,,0,70,,543,33,,,0,30,,557,33,,,0,70,,549,33,,,0,30,,540,33,,,0,70,,541,33,,,0,30,,546,33,,,0,70,,550,33,,,0,30,,555,33,,,0,70,,539,33,,,0,30,,548,33,,,0,70,,561,33,,,0,30,,554,33,,,0,70,,553,33,,,0,30,,538,33,,,0,70,,560,33,,,0,100,,559,33,,,0,100,,545,33,,,0,100,,556,33,,,0
1501,'3',809,,565,29,,,0,100,,572,33,,,0,100,,566,33,,,0,100,,562,33,,,0,100,,569,33,,,0,100,,563,33,,,0,100,,571,33,,,0,100,,564,33,,,0,100,,568,33,,,0,100,,570,33,,,0,100,,567,33,,,0
2309,'1',647,,673,34,,,0,70,,663,34,,,0,30,,678,34,,,0,70,,669,34,,,0,30,,658,34,,,0,70,,661,34,,,0,30,,677,34,,,0,70,,675,34,,,0,30,,672,34,,,0,70,,681,34,,,0,30,,682,34,,,0,70,,660,34,,,0,30,,659,34,,,0,70,,662,34,,,0,30,,668,34,,,0,70,,671,34,,,0,30,,674,34,,,0,70,,684,34,,,0,30,,666,34,,,0,70,,667,34,,,0,30,,670,34,,,0,70,,680,34,,,0,30,,683,34,,,0,70,,664,34,,,0,100,,676,34,,,0,100,,679,34,,,0,100,,665,34,,,0
2309,'2',817,,685,34,,,0,100,,694,34,,,0,100,,687,34,,,0,100,,693,34,,,0,100,,692,34,,,0,100,,690,34,,,0,100,,695,34,,,0,100,,691,34,,,0,100,,686,34,,,0,100,,689,34,,,0,100,,688,34,,,0
