101,'70',700,,991,14,,,0,30,,965,14,,,0,70,,980,14,,,0,30,,992,14,,,0,70,,966,14,,,0,30,,981,14,,,0,70,,993,14,,,0,30,,967,14,,,0,70,,982,14,,,0,30,,990,14,,,0,70,,968,14,,,0,30,,974,14,,,0,70,,994,14,,,0,30,,969,14,,,0,70,,975,14,,,0,30,,984,14,,,0,70,,963,14,,,0,30,,976,14,,,0,70,,985,14,,,0,30,,970,14,,,0,70,,977,14,,,0,30,,987,14,,,0,70,,971,14,,,0,30,,978,14,,,0,70,,988,14,,,0,30,,972,14,,,0,70,,983,14,,,0,30,,989,14,,,0,70,,973,14,,,0,30,,979,14,,,0,70,,986,14,,,0,30,,964,14,,,0
101,'71',800,,1003,14,,,0,30,,1013,14,,,0,70,,997,14,,,0,30,,1004,14,,,0,70,,1012,14,,,0,30,,998,14,,,0,70,,1005,14,,,0,30,,1010,14,,,0,70,,999,14,,,0,30,,1006,14,,,0,70,,1011,14,,,0,30,,996,14,,,0,70,,1007,14,,,0,30,,1015,14,,,0,70,,1000,14,,,0,30,,1008,14,,,0,70,,1016,14,,,0,30,,1001,14,,,0,70,,1009,14,,,0,30,,1014,14,,,0,70,,995,14,,,0,30,,1002,14,,,0
101,'72',631,,1034,14,,,0,15,,1063,14,,,0,55,,1049,14,,,0,15,,1054,14,,,0,15,,1023,14,,,0,15,,1057,14,,,0,55,,1035,14,,,0,15,,1064,14,,,0,15,,1050,14,,,0,15,,1052,14,,,0,55,,1022,14,,,0,15,,1058,14,,,0,15,,1036,14,,,0,15,,1061,14,,,0,55,,1041,14,,,0,30,,1024,14,,,0,70,,1037,14,,,0,30,,1042,14,,,0,70,,1025,14,,,0,30,,1038,14,,,0,70,,1043,14,,,0,30,,1026,14,,,0,70,,1039,14,,,0,30,,1044,14,,,0,70,,1018,14,,,0,30,,1028,14,,,0,15,,1062,14,,,0,55,,1045,14,,,0,15,,1055,14,,,0,15,,1027,14,,,0,15,,1059,14,,,0,55,,1030,14,,,0,15,,1060,14,,,0,15,,1046,14,,,0,15,,1053,14,,,0,55,,1019,14,,,0,15,,1056,14,,,0,15,,1032,14,,,0,70,,1047,14,,,0,30,,1020,14,,,0,70,,1033,14,,,0,30,,1048,14,,,0,70,,1021,14,,,0,30,,1029,14,,,0,70,,1051,14,,,0,30,,1017,14,,,0,70,,1031,14,,,0,30,,1040,14,,,0
301,'70',715,,1183,21,,,0,30,,1162,21,,,0,70,,1166,21,,,0,30,,1184,21,,,0,70,,1155,21,,,0,30,,1167,21,,,0,70,,1185,21,,,0,30,,1156,21,,,0,70,,1168,21,,,0,30,,1186,21,,,0,70,,1157,21,,,0,30,,1172,21,,,0,70,,1176,21,,,0,30,,1158,21,,,0,70,,1173,21,,,0,30,,1177,21,,,0,70,,1159,21,,,0,30,,1174,21,,,0,70,,1178,21,,,0,30,,1160,21,,,0,70,,1175,21,,,0,30,,1179,21,,,0,70,,1161,21,,,0,30,,1169,21,,,0,70,,1180,21,,,0,30,,1163,21,,,0,70,,1170,21,,,0,30,,1181,21,,,0,70,,1164,21,,,0,30,,1171,21,,,0,70,,1182,21,,,0,30,,1165,21,,,0
301,'71',745,,1187,21,,,0,70,,1195,21,,,0,30,,1209,21,,,0,70,,1188,21,,,0,30,,1196,21,,,0,70,,1203,21,,,0,30,,1189,21,,,0,70,,1197,21,,,0,30,,1204,21,,,0,70,,1190,21,,,0,30,,1198,21,,,0,70,,1205,21,,,0,30,,1191,21,,,0,70,,1199,21,,,0,30,,1206,21,,,0,70,,1192,21,,,0,30,,1200,21,,,0,70,,1207,21,,,0,30,,1193,21,,,0,70,,1201,21,,,0,30,,1208,21,,,0,70,,1194,21,,,0,30,,1202,21,,,0
301,'72',615,,1221,21,,,0,30,,1222,21,,,0,70,,1238,21,,,0,30,,1218,21,,,0,70,,1223,21,,,0,30,,1239,21,,,0,70,,1219,21,,,0,30,,1224,21,,,0,70,,1240,21,,,0,30,,1220,21,,,0,70,,1225,21,,,0,30,,1236,21,,,0,70,,1210,21,,,0,30,,1226,21,,,0,70,,1237,21,,,0,30,,1211,21,,,0,70,,1227,21,,,0,30,,1234,21,,,0,70,,1212,21,,,0,30,,1228,21,,,0,70,,1241,21,,,0,30,,1213,21,,,0,70,,1229,21,,,0,30,,1242,21,,,0,70,,1214,21,,,0,30,,1230,21,,,0,70,,1243,21,,,0,30,,1215,21,,,0,70,,1231,21,,,0,30,,1244,21,,,0,70,,1216,21,,,0,30,,1232,21,,,0,70,,1235,21,,,0,30,,1217,21,,,0,70,,1233,21,,,0,30,,1245,21,0,14 15,0
901,'72',630,,1287,20,,,0,70,,1271,20,,,0,30,,1280,20,,,0,70,,1294,20,,,0,30,,1272,20,,,0,70,,1281,20,,,0,30,,1295,20,,,0,70,,1273,20,,,0,30,,1279,20,,,0,70,,1289,20,,,0,30,,1274,20,,,0,70,,1282,20,,,0,30,,1290,20,,,0,70,,1275,20,,,0,30,,1285,20,,,0,70,,1291,20,,,0,30,,1278,20,,,0,70,,1286,20,,,0,30,,1292,20,,,0,70,,1276,20,,,0,30,,1283,20,,,0,70,,1293,20,,,0,30,,1277,20,,,0,70,,1284,20,,,0,30,,1288,20,,,0
1501,'70',706,,1389,28,,,0,101,,1393,32,,,0,100,,1386,32,,,0,100,,1390,32,,,0,100,,1392,32,,,0,30,,1373,32,,,0,70,,1381,32,,,0,30,,1374,32,,,0,70,,1382,32,,,0,30,,1375,32,,,0,70,,1383,32,,,0,30,,1376,32,,,0,70,,1384,32,,,0,30,,1377,32,,,0,70,,1385,32,,,0,30,,1378,32,,,0,70,,1391,32,,,0,30,,1379,32,,,0,70,,1387,32,,,0,30,,1372,32,,,0,70,,1395,32,,,0,100,,1388,32,,,0,100,,1380,32,,,0,100,,1394,32,,,0,100,,1396,32,,,0
1501,'71',806,,1404,28,,,0,101,,1403,32,,,0,100,,1401,32,,,0,100,,1402,32,,,0,100,,1400,32,,,0,100,,1406,32,,,0,100,,1407,32,,,0,100,,1398,32,,,0,100,,1399,32,,,0,100,,1397,32,,,0,100,,1405,32,,,0
1501,'72',636,,1410,28,,,0,71,,1416,32,,,0,30,,1411,32,,,0,70,,1431,32,,,0,30,,1412,32,,,0,70,,1426,32,,,0,30,,1413,32,,,0,70,,1427,32,,,0,30,,1408,32,,,0,70,,1432,32,,,0,30,,1414,32,,,0,70,,1419,32,,,0,30,,1415,32,,,0,70,,1422,32,,,0,30,,1409,32,,,0,70,,1417,32,,,0,30,,1437,32,,,0,70,,1420,32,,,0,30,,1434,32,,,0,70,,1421,32,,,0,30,,1435,32,,,0,70,,1430,32,,,0,30,,1436,32,,,0,70,,1423,32,,,0,30,,1433,32,,,0,70,,1424,32,,,0,100,,1425,32,,,0,100,,1428,32,,,0,100,,1429,32,,,0,100,,1418,32,,,0
2300,'70',815,,1527,29,,,0,100,,1528,29,,,0,100,,1529,29,,,0,100,,1530,29,,,0,100,,1531,29,,,0,100,,1523,29,,,0,100,,1524,29,,,0,100,,1525,29,,,0,100,,1526,29,,,0,100,,1522,29,,,0,101,,1521,29,,,0
2300,'72',645,,1547,29,,,0,70,,1533,29,,,0,30,,1548,29,,,0,70,,1534,29,,,0,30,,1555,29,,,0,70,,1535,29,,,0,30,,1549,29,,,0,70,,1536,29,,,0,30,,1550,29,,,0,70,,1537,29,,,0,30,,1551,29,,,0,70,,1538,29,,,0,30,,1556,29,,,0,70,,1539,29,,,0,30,,1557,29,,,0,70,,1540,29,,,0,30,,1558,29,,,0,70,,1541,29,,,0,30,,1552,29,,,0,70,,1542,29,,,0,30,,1553,29,,,0,70,,1543,29,,,0,30,,1554,29,,,0,70,,1544,29,,,0,100,,1545,29,,,0,100,,1546,29,,,0,101,,1532,29,,,0
