100,'1',624,,8,28,,,0,30,,5,28,,,0,55,,16,28,,,0,15,,18,28,,,0,15,,38,28,,,0,15,,24,31,,,0,55,,14,31,,,0,15,,20,31,,,0,15,,6,31,,,0,15,,31,31,,,0,55,,2,31,,,0,15,,40,31,,,0,30,,7,31,,,0,70,,15,31,,,0,30,,35,31,,,0,70,,13,31,,,0,30,,1,31,,,0,70,,22,31,,,0,30,,10,31,,,0,70,,17,31,,,0,30,,26,31,,,0,70,,9,31,,,0,30,,30,31,,,0,55,,44,28,,,0,15,,23,31,,,0,15,,36,28,,,0,15,,25,31,,,0,55,,21,28,,,0,15,,28,31,,,0,15,,43,31,,,0,15,,12,31,,,0,55,,46,31,,,0,15,,32,31,,,0,15,,33,31,,,0,15,,37,31,,,0,55,,4,31,,,0,15,,3,31,,,0,30,,29,31,,,0,70,,45,31,,,0,30,,39,31,,,0,70,,41,31,,,0,30,,11,31,,,0,70,,19,31,,,0,30,,34,31,,,0,70,,27,31,,,0,30,,42,31,,,0
100,'2',654,,59,28,,,0,70,,62,28,,,0,30,,78,31,,,0,70,,60,31,,,0,30,,63,31,,,0,70,,55,31,,,0,30,,52,31,,,0,70,,74,31,,,0,30,,48,31,,,0,70,,53,31,,,0,30,,69,31,,,0,70,,51,31,,,0,30,,50,31,,,0,70,,66,31,,,0,30,,49,31,,,0,70,,77,31,,,0,30,,71,31,,,0,70,,47,31,,,0,30,,67,31,,,0,70,,64,31,,,0,30,,58,31,,,0,70,,73,31,,,0,30,,56,31,,,0,70,,61,31,,,0,30,,57,31,,,0,70,,75,31,,,0,30,,72,31,,,0,70,,76,31,,,0,30,,54,31,,,0,70,,68,31,,,0,30,,65,31,,,0,70,,70,31,,,0
100,'3',754,,97,28,,,0,70,,80,28,,,0,30,,98,31,,,0,70,,85,31,,,0,30,,86,31,,,0,70,,96,31,,,0,30,,95,31,,,0,70,,94,31,,,0,30,,82,31,,,0,70,,88,31,,,0,30,,92,31,,,0,70,,84,31,,,0,30,,91,31,,,0,70,,83,31,,,0,30,,99,31,,,0,70,,90,31,,,0,30,,87,31,,,0,70,,100,31,,,0,30,,79,31,,,0,70,,93,31,,,0,30,,89,31,,,0,70,,81,31,,,0
300,'1',609,,212,29,,,0,30,,202,29,,,0,70,,217,29,,,0,30,,218,29,,,0,70,,207,29,,,0,30,,206,29,,,0,70,,209,29,,,0,30,,232,29,,,0,70,,211,29,,,0,30,,223,29,,,0,70,,224,29,,,0,30,,227,29,,,0,70,,230,29,,,0,30,,222,29,,,0,70,,221,29,,,0,30,,235,29,,,0,70,,231,29,,,0,30,,203,29,,,0,70,,215,29,,,0,30,,233,29,,,0,70,,205,29,,,0,30,,204,29,,,0,70,,219,29,,,0,30,,208,29,,,0,70,,229,29,,,0,30,,236,29,,,0,70,,226,29,,,0,30,,216,29,,,0,70,,234,29,,,0,30,,220,29,,,0,70,,213,29,,,0,30,,225,29,,,0,70,,214,29,,,0,30,,210,29,,,0,70,,228,29,,,0
300,'2',639,,237,29,,,0,70,,248,29,,,0,30,,266,29,,,0,70,,255,29,,,0,30,,250,29,,,0,70,,251,29,,,0,30,,241,29,,,0,70,,264,29,,,0,30,,244,29,,,0,70,,267,29,,,0,30,,259,29,,,0,70,,243,29,,,0,30,,254,29,,,0,70,,246,29,,,0,30,,252,29,,,0,70,,268,29,,,0,30,,240,29,,,0,70,,245,29,,,0,30,,256,29,,,0,70,,242,29,,,0,30,,249,29,,,0,70,,265,29,,,0,30,,257,29,,,0,70,,261,29,,,0,30,,239,29,,,0,70,,260,29,,,0,30,,263,29,,,0,70,,262,29,,,0,30,,253,29,,,0,70,,238,29,,,0,30,,258,29,,,0,70,,247,29,,,0
300,'3',739,,273,29,,,0,70,,284,29,,,0,30,,291,29,,,0,70,,281,29,,,0,30,,279,29,,,0,70,,289,29,,,0,30,,271,29,,,0,70,,287,29,,,0,30,,283,29,,,0,70,,280,29,,,0,30,,282,29,,,0,70,,276,29,,,0,30,,288,29,,,0,70,,286,29,,,0,30,,274,29,,,0,70,,290,29,,,0,30,,278,29,,,0,70,,275,29,,,0,30,,277,29,,,0,70,,272,29,,,0,30,,285,29,,,0,70,,270,29,,,0,30,,269,29,,,0
900,'1',624,,404,30,,,0,30,,402,30,,,0,70,,405,30,,,0,30,,392,30,,,0,70,,406,30,,,0,30,,396,30,,,0,70,,400,30,,,0,30,,391,30,,,0,70,,407,30,,,0,30,,387,30,,,0,70,,384,30,,,0,30,,386,30,,,0,70,,388,30,,,0,30,,403,30,,,0,70,,389,30,,,0,30,,394,30,,,0,70,,383,30,,,0,30,,397,30,,,0,70,,393,30,,,0,30,,395,30,,,0,70,,399,30,,,0,30,,390,30,,,0,70,,401,30,,,0,30,,398,30,,,0,70,,385,30,,,0
2009,'1',709,,591,31,0,14 15,0,100,,576,31,0,14 15,0,100,,590,31,0,14 15,0,100,,588,31,0,14 15,0,100,,595,31,0,14 15,0,100,,578,31,0,14 15,0,100,,585,31,0,14 15,0,100,,596,31,0,14 15,0,100,,584,31,0,14 15,0,100,,580,31,0,14 15,0,100,,582,31,0,14 15,0,100,,583,31,0,14 15,0
2009,'2',809,,608,31,0,14 15,0,100,,604,31,0,14 15,0,100,,605,31,0,14 15,0,100,,599,31,0,14 15,0,100,,614,31,0,14 15,0,100,,619,31,0,14 15,0,100,,600,31,0,14 15,0,100,,598,31,0,14 15,0,100,,618,31,0,14 15,0,100,,610,31,0,14 15,0,100,,612,31,0,14 15,0
2109,'1',654,,633,22,,,0,70,,620,22,,,0,30,,643,22,,,0,70,,621,22,,,0,30,,645,22,,,0,70,,624,22,,,0,30,,637,22,,,0,70,,635,22,,,0,30,,626,22,,,0,70,,629,22,,,0,30,,623,22,,,0,70,,627,22,,,0,30,,638,22,,,0,70,,622,22,,,0,30,,634,22,,,0,70,,628,22,,,0,30,,642,22,,,0,70,,625,22,,,0,30,,640,22,,,0,70,,630,22,,,0,30,,632,22,,,0,70,,639,22,,,0,30,,641,22,,,0,70,,631,22,,,0,30,,646,22,,,0,100,,644,22,,,0,100,,636,22,,,0
2109,'2',754,,656,22,,,0,100,,652,22,,,0,100,,650,22,,,0,100,,654,22,,,0,100,,647,22,,,0,100,,648,22,,,0,100,,653,22,,,0,100,,655,22,,,0,100,,651,22,,,0,100,,649,22,,,0,100,,657,22,,,0
2309,'1',657,,673,44,,,0,70,,663,44,,,0,30,,678,44,,,0,70,,669,44,,,0,30,,658,44,,,0,70,,661,44,,,0,30,,677,44,,,0,70,,675,44,,,0,30,,672,44,,,0,70,,681,44,,,0,30,,682,44,,,0,70,,660,44,,,0,30,,659,44,,,0,70,,662,44,,,0,30,,668,44,,,0,70,,671,44,,,0,30,,674,44,,,0,70,,684,44,,,0,30,,666,44,,,0,70,,667,44,,,0,30,,670,44,,,0,70,,680,44,,,0,30,,683,44,,,0,70,,664,44,,,0,100,,676,44,,,0,100,,679,44,,,0
2309,'2',827,,685,44,,,0,100,,694,44,,,0,100,,687,44,,,0,100,,693,44,,,0,100,,692,44,,,0,100,,690,44,,,0,100,,695,44,,,0,100,,691,44,,,0,100,,686,44,,,0,100,,689,44,,,0
3301,'1',740,,834,38,,,0,100,,837,38,,,0,700,,836,38,,,0,100,,838,38,,,0,100,,835,38,,,0
3509,'1',709,,846,20,,,0,20,,857,20,,,0,20,,854,20,,,0,60,,848,20,,,0,20,,850,20,,,0,700,,855,8,0,12 13,0,20,,851,8,0,12 13,0,60,,847,20,,,0,20,,845,20,,,0,20,,853,20,,,0,60,,856,20,,,0,20,,849,20,,,0
5200,'1',739,,859,23,,,0,110,,860,23,,,0
5209,'1',1709,,862,23,,,0,110,,861,23,,,0
