300,'70',646,,1086,37,,,0,70,,1065,37,,,0,30,,1079,37,,,0,70,,1087,37,,,0,30,,1066,37,,,0,70,,1080,37,,,0,30,,1088,37,,,0,70,,1067,37,,,0,30,,1081,37,,,0,70,,1096,37,,,0,30,,1068,37,,,0,70,,1077,37,,,0,30,,1090,37,,,0,70,,1069,37,,,0,30,,1078,37,,,0,70,,1095,37,,,0,30,,1070,37,,,0,70,,1083,37,,,0,30,,1089,37,,,0,70,,1071,37,,,0,30,,1084,37,,,0,70,,1091,37,,,0,30,,1072,37,,,0,70,,1082,37,,,0,30,,1092,37,,,0,70,,1073,37,,,0,30,,1085,37,,,0,70,,1093,37,,,0,30,,1074,37,,,0,70,,1076,37,,,0,30,,1094,37,,,0,70,,1075,37,,,0
300,'71',746,,1111,37,,,0,70,,1119,37,,,0,30,,1099,37,,,0,70,,1104,37,,,0,30,,1115,37,,,0,70,,1098,37,,,0,30,,1105,37,,,0,70,,1113,37,,,0,30,,1100,37,,,0,70,,1106,37,,,0,30,,1114,37,,,0,70,,1101,37,,,0,30,,1107,37,,,0,70,,1117,37,,,0,30,,1102,37,,,0,70,,1108,37,,,0,30,,1118,37,,,0,70,,1103,37,,,0,30,,1109,37,,,0,70,,1112,37,,,0,30,,1097,37,,,0,70,,1110,37,,,0
300,'72',616,,1141,37,,,0,30,,1154,37,,,0,70,,1128,37,,,0,30,,1142,37,,,0,70,,1149,37,,,0,30,,1125,37,,,0,70,,1137,37,,,0,30,,1144,37,,,0,70,,1126,37,,,0,30,,1131,37,,,0,70,,1150,37,,,0,30,,1127,37,,,0,70,,1138,37,,,0,30,,1145,37,,,0,70,,1120,37,,,0,30,,1132,37,,,0,70,,1146,37,,,0,30,,1121,37,,,0,70,,1133,37,,,0,30,,1147,37,,,0,70,,1122,37,,,0,30,,1134,37,,,0,70,,1148,37,,,0,30,,1123,37,,,0,70,,1139,37,,,0,30,,1143,37,,,0,70,,1124,37,,,0,30,,1136,37,,,0,70,,1152,37,,,0,30,,1129,37,,,0,70,,1140,37,,,0,30,,1153,37,,,0,70,,1130,37,,,0,30,,1135,37,,,0,70,,1151,37,,,0
900,'72',630,,1246,37,,,0,70,,1262,37,,,0,30,,1268,37,,,0,70,,1247,37,,,0,30,,1255,37,,,0,70,,1263,37,,,0,30,,1248,37,,,0,70,,1256,37,,,0,30,,1264,37,,,0,70,,1249,37,,,0,30,,1257,37,,,0,70,,1265,37,,,0,30,,1250,37,,,0,70,,1258,37,,,0,30,,1266,37,,,0,70,,1251,37,,,0,30,,1259,37,,,0,70,,1267,37,,,0,30,,1252,37,,,0,70,,1260,37,,,0,30,,1269,37,,,0,70,,1253,37,,,0,30,,1261,37,,,0,70,,1270,37,,,0,30,,1254,37,,,0
2000,'70',750,,1448,2,,,0,100,,1442,2,,,0,100,,1443,2,,,0,100,,1440,2,,,0,100,,1444,2,,,0,100,,1441,2,,,0,100,,1445,2,,,0,100,,1446,2,,,0,100,,1447,2,,,0,100,,1457,2,,,0
2000,'72',650,,1459,2,,,0,100,,1460,2,,,0,100,,1458,2,,,0,100,,1463,2,,,0,100,,1465,2,,,0,100,,1466,2,,,0,100,,1464,2,,,0,100,,1468,2,,,0,100,,1482,2,,,0,100,,1461,2,,,0,100,,1462,2,,,0,100,,1467,2,,,0
2300,'70',800,,1527,7,,,0,100,,1528,7,,,0,100,,1529,7,,,0,100,,1530,7,,,0,100,,1531,7,,,0,100,,1523,7,,,0,100,,1524,7,,,0,100,,1525,7,,,0,100,,1526,7,,,0,100,,1522,7,,,0,101,,1521,7,,,0
2300,'72',630,,1547,7,,,0,70,,1533,7,,,0,30,,1548,7,,,0,70,,1534,7,,,0,30,,1555,7,,,0,70,,1535,7,,,0,30,,1549,7,,,0,70,,1536,7,,,0,30,,1550,7,,,0,70,,1537,7,,,0,30,,1551,7,,,0,70,,1538,7,,,0,30,,1556,7,,,0,70,,1539,7,,,0,30,,1557,7,,,0,70,,1540,7,,,0,30,,1558,7,,,0,70,,1541,7,,,0,30,,1552,7,,,0,70,,1542,7,,,0,30,,1553,7,,,0,70,,1543,7,,,0,30,,1554,7,,,0,70,,1544,7,,,0,100,,1545,7,,,0,100,,1546,7,,,0,101,,1532,7,,,0
2400,'70',730,,1566,2,,,0,100,,1567,2,,,0,100,,1568,2,,,0,100,,1569,2,,,0,100,,1564,2,,,0,100,,1565,2,,,0,100,,1559,2,,,0,100,,1560,2,,,0,100,,1561,2,,,0,100,,1562,2,,,0,100,,1563,2,,,0
2400,'72',630,,1570,2,,,0,100,,1571,2,,,0,100,,1572,2,,,0,100,,1573,2,,,0,100,,1574,2,,,0,100,,1575,2,,,0,100,,1576,2,,,0,100,,1577,2,,,0,100,,1578,2,,,0,100,,1579,2,,,0,100,,1580,2,,,0,100,,1581,2,,,0
