101,'1',633,,136,15,,,0,70,,108,15,,,0,15,,131,15,,,0,15,,103,15,,,0,15,,125,15,,,0,55,,135,15,,,0,15,,117,15,,,0,15,,107,15,,,0,15,,105,15,,,0,55,,142,15,,,0,15,,106,15,,,0,15,,130,15,,,0,15,,147,15,,,0,55,,116,15,,,0,30,,118,15,,,0,70,,139,15,,,0,30,,124,15,,,0,70,,102,15,,,0,30,,101,15,,,0,70,,128,15,,,0,30,,138,15,,,0,70,,126,15,,,0,30,,134,15,,,0,70,,120,15,,,0,30,,114,15,,,0,15,,123,15,,,0,55,,140,15,,,0,15,,137,15,,,0,15,,145,15,,,0,15,,109,15,,,0,55,,132,15,,,0,15,,141,15,,,0,15,,119,15,,,0,15,,110,15,0,18 19,0,55,,143,15,,,0,15,,144,15,0,18 19,0,15,,104,15,,,0,70,,115,15,,,0,30,,129,15,,,0,70,,127,15,,,0,30,,111,15,,,0,70,,112,15,,,0,30,,122,15,,,0,70,,133,15,,,0,30,,121,15,0,18 19,0,70,,113,15,0,18 19,0,30,,146,15,0,18 19,0
101,'2',703,,155,15,,,0,30,,151,15,,,0,70,,178,15,,,0,30,,153,15,,,0,70,,158,15,,,0,30,,166,15,,,0,70,,154,15,,,0,30,,172,15,,,0,70,,171,15,,,0,30,,163,15,,,0,70,,159,15,,,0,30,,157,15,,,0,70,,156,15,,,0,30,,176,15,,,0,70,,162,15,,,0,30,,175,15,,,0,70,,160,15,,,0,30,,149,15,,,0,70,,173,15,,,0,30,,170,15,,,0,70,,150,15,,,0,30,,152,15,,,0,70,,165,15,,,0,30,,164,15,,,0,70,,177,15,,,0,30,,167,15,,,0,70,,148,15,,,0,30,,179,15,,,0,70,,169,15,,,0,30,,161,15,,,0,70,,174,15,0,18 19,0,30,,168,15,0,18 19,0
101,'3',803,,200,15,,,0,30,,186,15,,,0,70,,184,15,,,0,30,,189,15,,,0,70,,195,15,,,0,30,,181,15,,,0,70,,185,15,,,0,30,,183,15,,,0,70,,201,15,,,0,30,,182,15,,,0,70,,194,15,,,0,30,,180,15,,,0,70,,191,15,,,0,30,,197,15,,,0,70,,187,15,,,0,30,,188,15,,,0,70,,196,15,,,0,30,,198,15,,,0,70,,190,15,,,0,30,,193,15,,,0,70,,192,15,0,18 19,0,30,,199,15,0,18 19,0
301,'1',618,,310,24,,,0,30,,303,24,,,0,70,,292,24,,,0,30,,326,24,,,0,70,,301,24,,,0,30,,323,24,,,0,70,,293,24,,,0,30,,313,24,,,0,70,,311,24,,,0,30,,296,24,,,0,70,,315,24,,,0,30,,325,24,,,0,70,,321,24,,,0,30,,297,24,,,0,70,,294,24,,,0,30,,306,24,,,0,70,,309,24,,,0,30,,305,24,,,0,70,,304,24,,,0,30,,308,24,,,0,70,,320,24,,,0,30,,300,24,,,0,70,,324,24,,,0,30,,322,24,,,0,70,,295,24,,,0,30,,319,24,,,0,70,,312,24,,,0,30,,327,24,,,0,70,,316,24,,,0,30,,307,24,,,0,70,,298,24,,,0,30,,314,24,,,0,70,,299,24,,,0,30,,302,24,,,0,70,,318,24,,,0,30,,317,24,0,20 21,0
301,'2',718,,353,24,,,0,30,,350,24,,,0,70,,331,24,,,0,30,,352,24,,,0,70,,357,24,,,0,30,,347,24,,,0,70,,338,24,,,0,30,,356,24,,,0,70,,343,24,,,0,30,,345,24,,,0,70,,328,24,,,0,30,,335,24,,,0,70,,330,24,,,0,30,,351,24,,,0,70,,339,24,,,0,30,,342,24,,,0,70,,341,24,,,0,30,,332,24,,,0,70,,336,24,,,0,30,,329,24,,,0,70,,333,24,,,0,30,,359,24,,,0,70,,340,24,,,0,30,,334,24,,,0,70,,358,24,,,0,30,,355,24,,,0,70,,348,24,,,0,30,,349,24,,,0,70,,354,24,,,0,30,,337,24,,,0,70,,346,24,,,0,30,,344,24,,,0
301,'3',748,,380,24,,,0,70,,378,24,,,0,30,,371,24,,,0,70,,372,24,,,0,30,,379,24,,,0,70,,366,24,,,0,30,,367,24,,,0,70,,376,24,,,0,30,,373,24,,,0,70,,382,24,,,0,30,,375,24,,,0,70,,381,24,,,0,30,,365,24,,,0,70,,362,24,,,0,30,,364,24,,,0,70,,360,24,,,0,30,,361,24,,,0,70,,363,24,,,0,30,,374,24,,,0,70,,370,24,,,0,30,,369,24,,,0,70,,368,24,,,0,30,,377,24,,,0
901,'1',702,,417,21,,,0,30,,408,21,,,0,70,,410,21,,,0,30,,429,21,,,0,70,,416,21,,,0,30,,418,21,,,0,70,,428,21,,,0,30,,425,21,,,0,70,,423,21,,,0,30,,415,21,,,0,70,,409,21,,,0,30,,421,21,,,0,70,,411,21,,,0,30,,413,21,,,0,70,,412,21,,,0,30,,414,21,,,0,70,,422,21,,,0,30,,420,21,,,0,70,,426,21,,,0,30,,424,21,,,0,70,,431,21,,,0,30,,419,21,,,0,70,,427,21,,,0,30,,430,21,,,0
1501,'1',638,,527,27,,,0,70,,525,31,,,0,30,,530,31,,,0,70,,513,31,,,0,30,,535,31,,,0,70,,516,31,,,0,30,,524,31,,,0,70,,537,31,,,0,30,,526,31,,,0,70,,519,31,,,0,30,,534,31,,,0,70,,529,31,,,0,30,,531,31,,,0,70,,517,31,,,0,30,,521,31,,,0,70,,509,31,,,0,30,,523,31,,,0,70,,510,31,,,0,30,,515,31,,,0,70,,514,31,,,0,30,,522,31,,,0,70,,518,31,,,0,30,,532,31,,,0,70,,511,31,,,0,30,,512,31,,,0,70,,536,31,,,0,100,,533,31,,,0,100,,528,31,,,0,100,,508,31,,,0,100,,520,31,,,0
1501,'2',708,,544,27,,,0,100,,552,31,,,0,100,,547,31,,,0,100,,542,31,,,0,100,,551,31,,,0,30,,558,31,,,0,70,,543,31,,,0,30,,557,31,,,0,70,,549,31,,,0,30,,540,31,,,0,70,,541,31,,,0,30,,546,31,,,0,70,,550,31,,,0,30,,555,31,,,0,70,,539,31,,,0,30,,548,31,,,0,70,,561,31,,,0,30,,554,31,,,0,70,,553,31,,,0,30,,538,31,,,0,70,,560,31,,,0,100,,559,31,,,0,100,,545,31,,,0,100,,556,31,,,0
1501,'3',808,,565,27,,,0,100,,572,31,,,0,100,,566,31,,,0,100,,562,31,,,0,100,,569,31,,,0,100,,563,31,,,0,100,,571,31,,,0,100,,564,31,,,0,100,,568,31,,,0,100,,570,31,,,0,100,,567,31,,,0
2309,'1',646,,673,32,,,0,70,,663,32,,,0,30,,678,32,,,0,70,,669,32,,,0,30,,658,32,,,0,70,,661,32,,,0,30,,677,32,,,0,70,,675,32,,,0,30,,672,32,,,0,70,,681,32,,,0,30,,682,32,,,0,70,,660,32,,,0,30,,659,32,,,0,70,,662,32,,,0,30,,668,32,,,0,70,,671,32,,,0,30,,674,32,,,0,70,,684,32,,,0,30,,666,32,,,0,70,,667,32,,,0,30,,670,32,,,0,70,,680,32,,,0,30,,683,32,,,0,70,,664,32,,,0,100,,676,32,,,0,100,,679,32,,,0,100,,665,32,,,0
2309,'2',816,,685,32,,,0,100,,694,32,,,0,100,,687,32,,,0,100,,693,32,,,0,100,,692,32,,,0,100,,690,32,,,0,100,,695,32,,,0,100,,691,32,,,0,100,,686,32,,,0,100,,689,32,,,0,100,,688,32,,,0
