100,'1',625,,8,29,,,0,30,,5,29,,,0,55,,16,29,,,0,15,,18,29,,,0,15,,38,29,,,0,15,,24,32,,,0,55,,14,32,,,0,15,,20,32,,,0,15,,6,32,,,0,15,,31,32,,,0,55,,2,32,,,0,15,,40,32,,,0,30,,7,32,,,0,70,,15,32,,,0,30,,35,32,,,0,70,,13,32,,,0,30,,1,32,,,0,70,,22,32,,,0,30,,10,32,,,0,70,,17,32,,,0,30,,26,32,,,0,70,,9,32,,,0,30,,30,32,,,0,55,,44,29,,,0,15,,23,32,,,0,15,,36,29,,,0,15,,25,32,,,0,55,,21,29,,,0,15,,28,32,,,0,15,,43,32,,,0,15,,12,32,,,0,55,,46,32,,,0,15,,32,32,,,0,15,,33,32,,,0,15,,37,32,,,0,55,,4,32,,,0,15,,3,32,,,0,30,,29,32,,,0,70,,45,32,,,0,30,,39,32,,,0,70,,41,32,,,0,30,,11,32,,,0,70,,19,32,,,0,30,,34,32,,,0,70,,27,32,,,0,30,,42,32,,,0
100,'2',655,,59,29,,,0,70,,62,29,,,0,30,,78,32,,,0,70,,60,32,,,0,30,,63,32,,,0,70,,55,32,,,0,30,,52,32,,,0,70,,74,32,,,0,30,,48,32,,,0,70,,53,32,,,0,30,,69,32,,,0,70,,51,32,,,0,30,,50,32,,,0,70,,66,32,,,0,30,,49,32,,,0,70,,77,32,,,0,30,,71,32,,,0,70,,47,32,,,0,30,,67,32,,,0,70,,64,32,,,0,30,,58,32,,,0,70,,73,32,,,0,30,,56,32,,,0,70,,61,32,,,0,30,,57,32,,,0,70,,75,32,,,0,30,,72,32,,,0,70,,76,32,,,0,30,,54,32,,,0,70,,68,32,,,0,30,,65,32,,,0,70,,70,32,,,0
100,'3',755,,97,29,,,0,70,,80,29,,,0,30,,98,32,,,0,70,,85,32,,,0,30,,86,32,,,0,70,,96,32,,,0,30,,95,32,,,0,70,,94,32,,,0,30,,82,32,,,0,70,,88,32,,,0,30,,92,32,,,0,70,,84,32,,,0,30,,91,32,,,0,70,,83,32,,,0,30,,99,32,,,0,70,,90,32,,,0,30,,87,32,,,0,70,,100,32,,,0,30,,79,32,,,0,70,,93,32,,,0,30,,89,32,,,0,70,,81,32,,,0
300,'1',610,,212,30,,,0,30,,202,30,,,0,70,,217,30,,,0,30,,218,30,,,0,70,,207,30,,,0,30,,206,30,,,0,70,,209,30,,,0,30,,232,30,,,0,70,,211,30,,,0,30,,223,30,,,0,70,,224,30,,,0,30,,227,30,,,0,70,,230,30,,,0,30,,222,30,,,0,70,,221,30,,,0,30,,235,30,,,0,70,,231,30,,,0,30,,203,30,,,0,70,,215,30,,,0,30,,233,30,,,0,70,,205,30,,,0,30,,204,30,,,0,70,,219,30,,,0,30,,208,30,,,0,70,,229,30,,,0,30,,236,30,,,0,70,,226,30,,,0,30,,216,30,,,0,70,,234,30,,,0,30,,220,30,,,0,70,,213,30,,,0,30,,225,30,,,0,70,,214,30,,,0,30,,210,30,,,0,70,,228,30,,,0
300,'2',640,,237,30,,,0,70,,248,30,,,0,30,,266,30,,,0,70,,255,30,,,0,30,,250,30,,,0,70,,251,30,,,0,30,,241,30,,,0,70,,264,30,,,0,30,,244,30,,,0,70,,267,30,,,0,30,,259,30,,,0,70,,243,30,,,0,30,,254,30,,,0,70,,246,30,,,0,30,,252,30,,,0,70,,268,30,,,0,30,,240,30,,,0,70,,245,30,,,0,30,,256,30,,,0,70,,242,30,,,0,30,,249,30,,,0,70,,265,30,,,0,30,,257,30,,,0,70,,261,30,,,0,30,,239,30,,,0,70,,260,30,,,0,30,,263,30,,,0,70,,262,30,,,0,30,,253,30,,,0,70,,238,30,,,0,30,,258,30,,,0,70,,247,30,,,0
300,'3',740,,273,30,,,0,70,,284,30,,,0,30,,291,30,,,0,70,,281,30,,,0,30,,279,30,,,0,70,,289,30,,,0,30,,271,30,,,0,70,,287,30,,,0,30,,283,30,,,0,70,,280,30,,,0,30,,282,30,,,0,70,,276,30,,,0,30,,288,30,,,0,70,,286,30,,,0,30,,274,30,,,0,70,,290,30,,,0,30,,278,30,,,0,70,,275,30,,,0,30,,277,30,,,0,70,,272,30,,,0,30,,285,30,,,0,70,,270,30,,,0,30,,269,30,,,0
900,'1',625,,404,31,,,0,30,,402,31,,,0,70,,405,31,,,0,30,,392,31,,,0,70,,406,31,,,0,30,,396,31,,,0,70,,400,31,,,0,30,,391,31,,,0,70,,407,31,,,0,30,,387,31,,,0,70,,384,31,,,0,30,,386,31,,,0,70,,388,31,,,0,30,,403,31,,,0,70,,389,31,,,0,30,,394,31,,,0,70,,383,31,,,0,30,,397,31,,,0,70,,393,31,,,0,30,,395,31,,,0,70,,399,31,,,0,30,,390,31,,,0,70,,401,31,,,0,30,,398,31,,,0,70,,385,31,,,0
1500,'1',620,,457,0,,,0,30,,465,0,,,0,70,,446,0,,,0,30,,460,0,,,0,70,,467,0,,,0,30,,454,0,,,0,70,,470,0,,,0,30,,447,0,,,0,70,,464,0,,,0,30,,472,0,,,0,70,,456,0,,,0,30,,466,0,,,0,70,,449,0,,,0,30,,455,0,,,0,70,,448,0,,,0,30,,453,0,,,0,70,,451,0,,,0,30,,444,0,,,0,70,,468,0,,,0,30,,445,0,,,0,70,,462,0,,,0,30,,463,0,,,0,70,,458,0,,,0,30,,450,0,,,0,70,,461,0,,,0,100,,452,0,,,0,100,,471,0,,,0,100,,459,0,,,0,100,,469,0,,,0
1500,'2',720,,482,0,,,0,100,,495,0,,,0,100,,476,0,,,0,100,,493,0,,,0,30,,492,0,,,0,70,,477,0,,,0,30,,487,0,,,0,70,,485,0,,,0,30,,474,0,,,0,70,,481,0,,,0,30,,480,0,,,0,70,,486,0,,,0,30,,496,0,,,0,70,,490,0,,,0,30,,491,0,,,0,70,,478,0,,,0,30,,484,0,,,0,70,,483,0,,,0,30,,489,0,,,0,70,,479,0,,,0,100,,494,0,,,0,100,,488,0,,,0,100,,475,0,,,0,100,,473,0,0,16 17,0
1500,'3',820,,498,0,,,0,100,,501,0,,,0,100,,499,0,,,0,100,,506,0,,,0,100,,504,0,,,0,100,,502,0,,,0,100,,503,0,,,0,100,,507,0,,,0,100,,505,0,,,0,100,,500,0,,,0,100,,497,0,0,16 17,0
2009,'1',610,,574,0,,,0,100,,592,0,,,0,100,,597,0,,,0,100,,594,0,,,0,100,,575,0,,,0,100,,577,0,,,0,100,,587,0,,,0,100,,581,0,,,0,100,,589,0,,,0,100,,593,0,,,0,100,,579,0,,,0,100,,586,0,,,0,100,,573,0,,,0
2009,'2',810,,611,0,,,0,100,,613,0,,,0,100,,602,0,,,0,100,,616,0,,,0,100,,606,0,,,0,100,,601,0,,,0,100,,609,0,,,0,100,,607,0,,,0,100,,603,0,,,0,100,,617,0,,,0,100,,615,0,,,0
2109,'1',635,,633,0,,,0,20,,633,23,4,,0,50,,620,0,,,0,20,,620,23,4,,0,10,,643,0,,,0,20,,643,23,4,,0,50,,621,0,,,0,20,,621,23,4,,0,10,,645,0,,,0,20,,645,23,4,,0,50,,624,0,,,0,20,,624,23,4,,0,10,,637,0,,,0,20,,637,23,4,,0,50,,635,0,,,0,20,,635,23,4,,0,10,,626,0,,,0,20,,626,23,4,,0,50,,629,0,,,0,20,,629,23,4,,0,10,,623,0,,,0,20,,623,23,4,,0,50,,627,0,,,0,20,,627,23,4,,0,10,,638,0,,,0,20,,638,23,4,,0,50,,622,0,,,0,20,,622,23,4,,0,10,,634,0,,,0,20,,634,23,4,,0,50,,628,0,,,0,20,,628,23,4,,0,10,,642,0,,,0,20,,642,23,4,,0,50,,625,0,,,0,20,,625,23,4,,0,10,,640,0,,,0,20,,640,23,4,,0,50,,630,0,,,0,20,,630,23,4,,0,10,,632,0,,,0,20,,632,23,4,,0,50,,639,0,,,0,20,,639,23,4,,0,10,,641,0,,,0,20,,641,23,4,,0,50,,631,0,,,0,20,,631,23,4,,0,10,,646,0,,,0,20,,646,23,4,,0,80,,644,0,,,0,20,,644,23,4,,0,80,,636,0,,,0,20,,636,23,4,,0
2109,'2',735,,656,0,,,0,20,,656,23,4,,0,80,,652,0,,,0,20,,652,23,4,,0,80,,650,0,,,0,20,,650,23,4,,0,80,,654,0,,,0,20,,654,23,4,,0,80,,647,0,,,0,20,,647,23,4,,0,80,,648,0,,,0,20,,648,23,4,,0,80,,653,0,,,0,20,,653,23,4,,0,80,,655,0,,,0,20,,655,23,4,,0,80,,651,0,,,0,20,,651,23,4,,0,80,,649,0,,,0,20,,649,23,4,,0,80,,657,0,,,0,20,,657,23,4,,0
2309,'1',625,,673,0,,,0,30,,663,0,,,0,45,,673,45,4,,0,25,,678,0,,,0,5,,663,45,4,,0,25,,669,0,,,0,45,,678,45,4,,0,25,,658,0,,,0,5,,669,45,4,,0,25,,661,0,,,0,45,,658,45,4,,0,25,,677,0,,,0,5,,661,45,4,,0,25,,675,0,,,0,45,,677,45,4,,0,25,,672,0,,,0,5,,675,45,4,,0,25,,681,0,,,0,45,,672,45,4,,0,25,,682,0,,,0,5,,681,45,4,,0,25,,660,0,,,0,45,,682,45,4,,0,25,,659,0,,,0,5,,660,45,4,,0,25,,662,0,,,0,45,,659,45,4,,0,25,,668,0,,,0,5,,662,45,4,,0,25,,671,0,,,0,45,,668,45,4,,0,25,,674,0,,,0,5,,671,45,4,,0,25,,684,0,,,0,45,,674,45,4,,0,25,,666,0,,,0,5,,684,45,4,,0,25,,667,0,,,0,45,,666,45,4,,0,25,,670,0,,,0,5,,667,45,4,,0,25,,680,0,,,0,45,,670,45,4,,0,25,,683,0,,,0,5,,680,45,4,,0,25,,664,0,,,0,45,,683,45,4,,0,30,,664,45,4,,0,25,,676,0,,,0,75,,676,45,4,,0,25,,679,0,,,0,75,,679,45,4,,0,25,,665,0,,,0
2309,'2',755,,685,0,,,0,75,,685,45,4,,0,25,,694,0,,,0,75,,694,45,4,,0,25,,687,0,,,0,75,,687,45,4,,0,25,,693,0,,,0,75,,693,45,4,,0,25,,692,0,,,0,75,,692,45,4,,0,25,,690,0,,,0,75,,690,45,4,,0,25,,695,0,,,0,75,,695,45,4,,0,25,,691,0,,,0,75,,691,45,4,,0,25,,686,0,,,0,75,,686,45,4,,0,25,,689,0,,,0,75,,689,45,4,,0,25,,688,0,,,0
3301,'1',745,,834,39,4,,0,100,,837,39,4,,0,700,,836,39,4,,0,100,,838,39,4,,0,100,,835,39,4,,0
3309,'1',650,,839,0,,,0,100,,841,0,,,0,100,,843,0,,,0,700,,840,0,,,0,100,,842,0,,,0,100,,844,0,,,0
3509,'1',635,,846,0,,,0,20,,857,0,,,0,55,,846,21,4,,0,5,,854,0,,,0,15,,857,21,4,,0,5,,848,0,,,0,15,,854,21,4,,0,5,,850,0,,,0,55,,848,21,4,,0,5,,852,0,0,12 22,0,15,,850,21,4,,0,5,,858,0,0,12 22,0,695,,855,9,4,,0,5,,847,0,,,0,15,,851,9,4,,0,5,,845,0,,,0,55,,847,21,4,,0,5,,853,0,,,0,15,,845,21,4,,0,5,,856,0,,,0,15,,853,21,4,,0,5,,849,0,,,0,55,,856,21,4,,0,20,,849,21,4,,0
5200,'1',635,,859,0,,,0,105,,859,24,4,,0,5,,860,0,,,0,105,,860,24,4,,0
5209,'1',1605,,862,0,,,0,105,,862,24,4,,0,5,,861,0,,,0,105,,861,24,4,,0
