100,'1',606,,8,1,,,0,30,,5,1,,,0,15,,16,1,,,0,55,,18,1,,,0,15,,38,1,,,0,15,,24,4,,,0,15,,14,4,,,0,55,,20,4,,,0,15,,6,4,,,0,15,,31,4,,,0,15,,2,4,,,0,55,,40,4,,,0,30,,7,4,,,0,70,,15,4,,,0,30,,35,4,,,0,70,,13,4,,,0,30,,1,4,,,0,70,,22,4,,,0,30,,10,4,,,0,70,,17,4,,,0,30,,26,4,,,0,70,,9,4,,,0,30,,30,4,,,0,15,,44,1,,,0,55,,23,4,,,0,15,,36,1,,,0,15,,25,4,,,0,15,,21,1,,,0,55,,28,4,,,0,15,,43,4,,,0,15,,12,4,,,0,15,,46,4,,,0,55,,32,4,,,0,15,,33,4,,,0,15,,37,4,,,0,15,,4,4,,,0,55,,3,4,,,0,30,,29,4,,,0,70,,45,4,,,0,30,,39,4,,,0,70,,41,4,,,0,30,,11,4,,,0,70,,19,4,,,0,30,,34,4,,,0,70,,27,4,,,0,30,,42,4,,,0
100,'2',636,,59,1,,,0,70,,62,1,,,0,30,,78,4,,,0,70,,60,4,,,0,30,,63,4,,,0,70,,55,4,,,0,30,,52,4,,,0,70,,74,4,,,0,30,,48,4,,,0,70,,53,4,,,0,30,,69,4,,,0,70,,51,4,,,0,30,,50,4,,,0,70,,66,4,,,0,30,,49,4,,,0,70,,77,4,,,0,30,,71,4,,,0,70,,47,4,,,0,30,,67,4,,,0,70,,64,4,,,0,30,,58,4,,,0,70,,73,4,,,0,30,,56,4,,,0,70,,61,4,,,0,30,,57,4,,,0,70,,75,4,,,0,30,,72,4,,,0,70,,76,4,,,0,30,,54,4,,,0,70,,68,4,,,0,30,,65,4,,,0,70,,70,4,,,0
100,'3',736,,97,1,,,0,70,,80,1,,,0,30,,98,4,,,0,70,,85,4,,,0,30,,86,4,,,0,70,,96,4,,,0,30,,95,4,,,0,70,,94,4,,,0,30,,82,4,,,0,70,,88,4,,,0,30,,92,4,,,0,70,,84,4,,,0,30,,91,4,,,0,70,,83,4,,,0,30,,99,4,,,0,70,,90,4,,,0,30,,87,4,,,0,70,,100,4,,,0,30,,79,4,,,0,70,,93,4,,,0,30,,89,4,,,0,70,,81,4,,,0
101,'1',655,,136,46,,,0,70,,108,46,,,0,15,,131,46,,,0,15,,103,46,,,0,55,,125,46,,,0,15,,135,46,,,0,15,,117,46,,,0,15,,107,46,,,0,55,,105,46,,,0,15,,142,46,,,0,15,,106,46,,,0,15,,130,46,,,0,55,,147,46,,,0,15,,116,46,,,0,30,,118,46,,,0,70,,139,46,,,0,30,,124,46,,,0,70,,102,46,,,0,30,,101,46,,,0,70,,128,46,,,0,30,,138,46,,,0,70,,126,46,,,0,30,,134,46,,,0,70,,120,46,,,0,30,,114,46,,,0,55,,123,46,,,0,15,,140,46,,,0,15,,137,46,,,0,15,,145,46,,,0,55,,109,46,,,0,15,,132,46,,,0,15,,141,46,,,0,15,,119,46,,,0,70,,143,46,,,0,30,,104,46,,,0,70,,115,46,,,0,30,,129,46,,,0,70,,127,46,,,0,30,,111,46,,,0,70,,112,46,,,0,30,,122,46,,,0,70,,133,46,,,0
101,'2',725,,155,46,,,0,30,,151,46,,,0,70,,178,46,,,0,30,,153,46,,,0,70,,158,46,,,0,30,,166,46,,,0,70,,154,46,,,0,30,,172,46,,,0,70,,171,46,,,0,30,,163,46,,,0,70,,159,46,,,0,30,,157,46,,,0,70,,156,46,,,0,30,,176,46,,,0,70,,162,46,,,0,30,,175,46,,,0,70,,160,46,,,0,30,,149,46,,,0,70,,173,46,,,0,30,,170,46,,,0,70,,150,46,,,0,30,,152,46,,,0,70,,165,46,,,0,30,,164,46,,,0,70,,177,46,,,0,30,,167,46,,,0,70,,148,46,,,0,30,,179,46,,,0,70,,169,46,,,0,30,,161,46,,,0
101,'3',825,,200,46,,,0,30,,186,46,,,0,70,,184,46,,,0,30,,189,46,,,0,70,,195,46,,,0,30,,181,46,,,0,70,,185,46,,,0,30,,183,46,,,0,70,,201,46,,,0,30,,182,46,,,0,70,,194,46,,,0,30,,180,46,,,0,70,,191,46,,,0,30,,197,46,,,0,70,,187,46,,,0,30,,188,46,,,0,70,,196,46,,,0,30,,198,46,,,0,70,,190,46,,,0,30,,193,46,,,0
300,'1',551,,212,1,,,0,70,,202,1,,,0,30,,217,1,,,0,70,,218,1,,,0,30,,207,1,,,0,70,,206,1,,,0,30,,209,1,,,0,70,,232,1,,,0,30,,211,1,,,0,70,,223,1,,,0,30,,224,1,,,0,70,,227,1,,,0,30,,230,1,,,0,70,,222,1,,,0,30,,221,1,,,0,70,,235,1,,,0,30,,231,1,,,0,70,,203,1,,,0,30,,215,1,,,0,70,,233,1,,,0,30,,205,1,,,0,70,,204,1,,,0,30,,219,1,,,0,70,,208,1,,,0,30,,229,1,,,0,70,,236,1,,,0,30,,226,1,,,0,70,,216,1,,,0,30,,234,1,,,0,70,,220,1,,,0,30,,213,1,,,0,70,,225,1,,,0,30,,214,1,,,0,70,,210,1,,,0,30,,228,1,,,0
300,'2',621,,237,1,,,0,30,,248,1,,,0,70,,266,1,,,0,30,,255,1,,,0,70,,250,1,,,0,30,,251,1,,,0,70,,241,1,,,0,30,,264,1,,,0,70,,244,1,,,0,30,,267,1,,,0,70,,259,1,,,0,30,,243,1,,,0,70,,254,1,,,0,30,,246,1,,,0,70,,252,1,,,0,30,,268,1,,,0,70,,240,1,,,0,30,,245,1,,,0,70,,256,1,,,0,30,,242,1,,,0,70,,249,1,,,0,30,,265,1,,,0,70,,257,1,,,0,30,,261,1,,,0,70,,239,1,,,0,30,,260,1,,,0,70,,263,1,,,0,30,,262,1,,,0,70,,253,1,,,0,30,,238,1,,,0,70,,258,1,,,0,30,,247,1,,,0
300,'3',721,,273,1,,,0,30,,284,1,,,0,70,,291,1,,,0,30,,281,1,,,0,70,,279,1,,,0,30,,289,1,,,0,70,,271,1,,,0,30,,287,1,,,0,70,,283,1,,,0,30,,280,1,,,0,70,,282,1,,,0,30,,276,1,,,0,70,,288,1,,,0,30,,286,1,,,0,70,,274,1,,,0,30,,290,1,,,0,70,,278,1,,,0,30,,275,1,,,0,70,,277,1,,,0,30,,272,1,,,0,70,,285,1,,,0,30,,270,1,,,0,70,,269,1,,,0
900,'1',606,,404,1,,,0,30,,402,1,,,0,70,,405,1,,,0,30,,392,1,,,0,70,,406,1,,,0,30,,396,1,,,0,70,,400,1,,,0,30,,391,1,,,0,70,,407,1,,,0,30,,387,1,,,0,70,,384,1,,,0,30,,386,1,,,0,70,,388,1,,,0,30,,403,1,,,0,70,,389,1,,,0,30,,394,1,,,0,70,,383,1,,,0,30,,397,1,,,0,70,,393,1,,,0,30,,395,1,,,0,70,,399,1,,,0,30,,390,1,,,0,70,,401,1,,,0,30,,398,1,,,0,70,,385,1,,,0
3109,'1',610,,769,1,,,0,30,,787,1,,,0,70,,792,1,,,0,30,,789,1,,,0,70,,790,1,,,0,30,,791,1,,,0,70,,774,1,,,0,30,,786,1,,,0,70,,776,1,,,0,30,,775,1,,,0,70,,793,1,,,0,30,,783,1,,,0,70,,785,1,,,0,30,,796,1,,,0,70,,797,1,,,0,30,,770,1,,,0,70,,800,1,,,0,30,,782,1,,,0,70,,773,1,,,0,30,,799,1,,,0,70,,780,1,,,0,30,,777,1,,,0,70,,779,1,,,0,30,,772,1,,,0,70,,778,1,,,0,30,,781,1,,,0,70,,771,1,,,0,30,,798,1,,,0,70,,784,1,,,0,30,,795,1,,,0,70,,794,1,,,0,30,,788,1,,,0
3109,'2',740,,807,1,,,0,100,,804,1,,,0,100,,808,1,,,0,100,,806,1,,,0,100,,809,1,,,0,100,,812,1,,,0,100,,810,1,,,0,100,,805,1,,,0,100,,801,1,,,0,100,,803,1,,,0,100,,811,1,,,0,100,,802,1,,,0
3109,'3',740,,816,1,,,0,100,,818,1,,,0,100,,813,1,,,0,100,,815,1,,,0,100,,823,1,,,0,100,,814,1,,,0,100,,819,1,,,0,100,,822,1,,,0,100,,821,1,,,0,100,,820,1,,,0,100,,817,1,,,0
3200,'1',700,,828,1,,,0,100,,825,1,,,0,300,,826,1,,,0,500,,827,1,,,0,100,,824,1,,,0
