101,'70',703,,991,18,,,0,30,,965,18,,,0,70,,980,18,,,0,30,,992,18,,,0,70,,966,18,,,0,30,,981,18,,,0,70,,993,18,,,0,30,,967,18,,,0,70,,982,18,,,0,30,,990,18,,,0,70,,968,18,,,0,30,,974,18,,,0,70,,994,18,,,0,30,,969,18,,,0,70,,975,18,,,0,30,,984,18,,,0,70,,963,18,,,0,30,,976,18,,,0,70,,985,18,,,0,30,,970,18,,,0,70,,977,18,,,0,30,,987,18,,,0,70,,971,18,,,0,30,,978,18,,,0,70,,988,18,,,0,30,,972,18,,,0,70,,983,18,,,0,30,,989,18,,,0,70,,973,18,,,0,30,,979,18,,,0,70,,986,18,,,0,30,,964,18,,,0
101,'71',803,,1003,18,,,0,30,,1013,18,,,0,70,,997,18,,,0,30,,1004,18,,,0,70,,1012,18,,,0,30,,998,18,,,0,70,,1005,18,,,0,30,,1010,18,,,0,70,,999,18,,,0,30,,1006,18,,,0,70,,1011,18,,,0,30,,996,18,,,0,70,,1007,18,,,0,30,,1015,18,,,0,70,,1000,18,,,0,30,,1008,18,,,0,70,,1016,18,,,0,30,,1001,18,,,0,70,,1009,18,,,0,30,,1014,18,,,0,70,,995,18,,,0,30,,1002,18,,,0
101,'72',634,,1034,18,,,0,15,,1063,18,,,0,55,,1049,18,,,0,15,,1054,18,,,0,15,,1023,18,,,0,15,,1057,18,,,0,55,,1035,18,,,0,15,,1064,18,,,0,15,,1050,18,,,0,15,,1052,18,,,0,55,,1022,18,,,0,15,,1058,18,,,0,15,,1036,18,,,0,15,,1061,18,,,0,55,,1041,18,,,0,30,,1024,18,,,0,70,,1037,18,,,0,30,,1042,18,,,0,70,,1025,18,,,0,30,,1038,18,,,0,70,,1043,18,,,0,30,,1026,18,,,0,70,,1039,18,,,0,30,,1044,18,,,0,70,,1018,18,,,0,30,,1028,18,,,0,15,,1062,18,,,0,55,,1045,18,,,0,15,,1055,18,,,0,15,,1027,18,,,0,15,,1059,18,,,0,55,,1030,18,,,0,15,,1060,18,,,0,15,,1046,18,,,0,15,,1053,18,,,0,55,,1019,18,,,0,15,,1056,18,,,0,15,,1032,18,,,0,70,,1047,18,,,0,30,,1020,18,,,0,70,,1033,18,,,0,30,,1048,18,,,0,70,,1021,18,,,0,30,,1029,18,,,0,70,,1051,18,,,0,30,,1017,18,,,0,70,,1031,18,,,0,30,,1040,18,,,0
301,'70',717,,1183,25,,,0,30,,1162,25,,,0,70,,1166,25,,,0,30,,1184,25,,,0,70,,1155,25,,,0,30,,1167,25,,,0,70,,1185,25,,,0,30,,1156,25,,,0,70,,1168,25,,,0,30,,1186,25,,,0,70,,1157,25,,,0,30,,1172,25,,,0,70,,1176,25,,,0,30,,1158,25,,,0,70,,1173,25,,,0,30,,1177,25,,,0,70,,1159,25,,,0,30,,1174,25,,,0,70,,1178,25,,,0,30,,1160,25,,,0,70,,1175,25,,,0,30,,1179,25,,,0,70,,1161,25,,,0,30,,1169,25,,,0,70,,1180,25,,,0,30,,1163,25,,,0,70,,1170,25,,,0,30,,1181,25,,,0,70,,1164,25,,,0,30,,1171,25,,,0,70,,1182,25,,,0,30,,1165,25,,,0
301,'71',747,,1187,25,,,0,70,,1195,25,,,0,30,,1209,25,,,0,70,,1188,25,,,0,30,,1196,25,,,0,70,,1203,25,,,0,30,,1189,25,,,0,70,,1197,25,,,0,30,,1204,25,,,0,70,,1190,25,,,0,30,,1198,25,,,0,70,,1205,25,,,0,30,,1191,25,,,0,70,,1199,25,,,0,30,,1206,25,,,0,70,,1192,25,,,0,30,,1200,25,,,0,70,,1207,25,,,0,30,,1193,25,,,0,70,,1201,25,,,0,30,,1208,25,,,0,70,,1194,25,,,0,30,,1202,25,,,0
301,'72',617,,1221,25,,,0,30,,1222,25,,,0,70,,1238,25,,,0,30,,1218,25,,,0,70,,1223,25,,,0,30,,1239,25,,,0,70,,1219,25,,,0,30,,1224,25,,,0,70,,1240,25,,,0,30,,1220,25,,,0,70,,1225,25,,,0,30,,1236,25,,,0,70,,1210,25,,,0,30,,1226,25,,,0,70,,1237,25,,,0,30,,1211,25,,,0,70,,1227,25,,,0,30,,1234,25,,,0,70,,1212,25,,,0,30,,1228,25,,,0,70,,1241,25,,,0,30,,1213,25,,,0,70,,1229,25,,,0,30,,1242,25,,,0,70,,1214,25,,,0,30,,1230,25,,,0,70,,1243,25,,,0,30,,1215,25,,,0,70,,1231,25,,,0,30,,1244,25,,,0,70,,1216,25,,,0,30,,1232,25,,,0,70,,1235,25,,,0,30,,1217,25,,,0,70,,1233,25,,,0,30,,1245,25,0,14 15,0
901,'72',632,,1287,24,,,0,70,,1271,24,,,0,30,,1280,24,,,0,70,,1294,24,,,0,30,,1272,24,,,0,70,,1281,24,,,0,30,,1295,24,,,0,70,,1273,24,,,0,30,,1279,24,,,0,70,,1289,24,,,0,30,,1274,24,,,0,70,,1282,24,,,0,30,,1290,24,,,0,70,,1275,24,,,0,30,,1285,24,,,0,70,,1291,24,,,0,30,,1278,24,,,0,70,,1286,24,,,0,30,,1292,24,,,0,70,,1276,24,,,0,30,,1283,24,,,0,70,,1293,24,,,0,30,,1277,24,,,0,70,,1284,24,,,0,30,,1288,24,,,0
1501,'70',709,,1389,32,,,0,100,,1393,36,,,0,100,,1386,36,,,0,100,,1390,36,,,0,100,,1392,36,,,0,30,,1373,36,,,0,70,,1381,36,,,0,30,,1374,36,,,0,70,,1382,36,,,0,30,,1375,36,,,0,70,,1383,36,,,0,30,,1376,36,,,0,70,,1384,36,,,0,30,,1377,36,,,0,70,,1385,36,,,0,30,,1378,36,,,0,70,,1391,36,,,0,30,,1379,36,,,0,70,,1387,36,,,0,30,,1372,36,,,0,70,,1395,36,,,0,100,,1388,36,,,0,100,,1380,36,,,0,100,,1394,36,,,0,100,,1396,36,,,0
1501,'71',809,,1404,32,,,0,100,,1403,36,,,0,100,,1401,36,,,0,100,,1402,36,,,0,100,,1400,36,,,0,100,,1406,36,,,0,100,,1407,36,,,0,100,,1398,36,,,0,100,,1399,36,,,0,100,,1397,36,,,0,100,,1405,36,,,0
1501,'72',639,,1410,32,,,0,70,,1416,36,,,0,30,,1411,36,,,0,70,,1431,36,,,0,30,,1412,36,,,0,70,,1426,36,,,0,30,,1413,36,,,0,70,,1427,36,,,0,30,,1408,36,,,0,70,,1432,36,,,0,30,,1414,36,,,0,70,,1419,36,,,0,30,,1415,36,,,0,70,,1422,36,,,0,30,,1409,36,,,0,70,,1417,36,,,0,30,,1437,36,,,0,70,,1420,36,,,0,30,,1434,36,,,0,70,,1421,36,,,0,30,,1435,36,,,0,70,,1430,36,,,0,30,,1436,36,,,0,70,,1423,36,,,0,30,,1433,36,,,0,70,,1424,36,,,0,100,,1425,36,,,0,100,,1428,36,,,0,100,,1429,36,,,0,100,,1418,36,,,0
2300,'70',817,,1527,33,,,0,100,,1528,33,,,0,100,,1529,33,,,0,100,,1530,33,,,0,100,,1531,33,,,0,100,,1523,33,,,0,100,,1524,33,,,0,100,,1525,33,,,0,100,,1526,33,,,0,100,,1522,33,,,0,102,,1521,33,,,0
2300,'72',647,,1547,33,,,0,70,,1533,33,,,0,30,,1548,33,,,0,70,,1534,33,,,0,30,,1555,33,,,0,70,,1535,33,,,0,30,,1549,33,,,0,70,,1536,33,,,0,30,,1550,33,,,0,70,,1537,33,,,0,30,,1551,33,,,0,70,,1538,33,,,0,30,,1556,33,,,0,70,,1539,33,,,0,30,,1557,33,,,0,70,,1540,33,,,0,30,,1558,33,,,0,70,,1541,33,,,0,30,,1552,33,,,0,70,,1542,33,,,0,30,,1553,33,,,0,70,,1543,33,,,0,30,,1554,33,,,0,70,,1544,33,,,0,100,,1545,33,,,0,100,,1546,33,,,0,102,,1532,33,,,0
