100,'73',710,,1743,48,4,,0,30,,1754,48,4,,0,70,,1761,51,4,,0,30,,1735,51,4,,0,70,,1752,51,4,,0,30,,1762,51,4,,0,70,,1736,51,4,,0,30,,1753,51,4,,0,70,,1757,51,4,,0,30,,1737,51,4,,0,70,,1744,51,4,,0,30,,1758,51,4,,0,70,,1738,51,4,,0,30,,1745,51,4,,0,70,,1759,51,4,,0,30,,1739,51,4,,0,70,,1746,51,4,,0,30,,1755,51,4,,0,70,,1733,51,4,,0,30,,1747,51,4,,0,70,,1756,51,4,,0,30,,1734,51,4,,0,70,,1748,51,4,,0,30,,1760,51,4,,0,70,,1740,51,4,,0,30,,1749,51,4,,0,70,,1763,51,4,,0,30,,1741,51,4,,0,70,,1750,51,4,,0,30,,1764,51,4,,0,70,,1742,51,4,,0,30,,1751,51,4,,0
100,'74',810,,1780,48,4,,0,30,,1770,48,4,,0,70,,1772,51,4,,0,30,,1782,51,4,,0,70,,1771,51,4,,0,30,,1773,51,4,,0,70,,1786,51,4,,0,30,,1765,51,4,,0,70,,1774,51,4,,0,30,,1779,51,4,,0,70,,1766,51,4,,0,30,,1775,51,4,,0,70,,1783,51,4,,0,30,,1767,51,4,,0,70,,1776,51,4,,0,30,,1784,51,4,,0,70,,1768,51,4,,0,30,,1777,51,4,,0,70,,1785,51,4,,0,30,,1769,51,4,,0,70,,1778,51,4,,0,30,,1781,51,4,,0
100,'75',640,,1813,48,4,,0,70,,1797,48,4,,0,15,,1826,48,4,,0,15,,1803,51,4,,0,15,,1828,51,4,,0,55,,1819,51,4,,0,15,,1821,51,4,,0,15,,1787,51,4,,0,15,,1824,51,4,,0,55,,1798,51,4,,0,15,,1829,51,4,,0,15,,1820,51,4,,0,70,,1791,51,4,,0,30,,1799,51,4,,0,70,,1812,51,4,,0,30,,1792,51,4,,0,70,,1804,51,4,,0,30,,1810,51,4,,0,70,,1793,51,4,,0,30,,1805,51,4,,0,70,,1809,51,4,,0,30,,1794,51,4,,0,70,,1806,51,4,,0,15,,1832,48,4,,0,15,,1815,51,4,,0,15,,1823,48,4,,0,55,,1795,51,4,,0,15,,1827,48,4,,0,15,,1807,51,4,,0,15,,1830,51,4,,0,55,,1816,51,4,,0,15,,1822,51,4,,0,15,,1796,51,4,,0,15,,1825,51,4,,0,55,,1800,51,4,,0,15,,1831,51,4,,0,15,,1817,51,4,,0,70,,1788,51,4,,0,30,,1801,51,4,,0,70,,1818,51,4,,0,30,,1789,51,4,,0,70,,1802,51,4,,0,30,,1811,51,4,,0,70,,1790,51,4,,0,30,,1808,51,4,,0,70,,1814,51,4,,0
101,'73',650,,1861,1,,,0,70,,1835,1,,,0,30,,1850,1,,,0,70,,1862,1,,,0,30,,1836,1,,,0,70,,1851,1,,,0,30,,1863,1,,,0,70,,1837,1,,,0,30,,1852,1,,,0,70,,1860,1,,,0,30,,1838,1,,,0,70,,1844,1,,,0,30,,1864,1,,,0,70,,1839,1,,,0,30,,1845,1,,,0,70,,1854,1,,,0,30,,1833,1,,,0,70,,1846,1,,,0,30,,1855,1,,,0,70,,1840,1,,,0,30,,1847,1,,,0,70,,1857,1,,,0,30,,1841,1,,,0,70,,1848,1,,,0,30,,1858,1,,,0,70,,1842,1,,,0,30,,1853,1,,,0,70,,1859,1,,,0,30,,1843,1,,,0,70,,1849,1,,,0,30,,1856,1,,,0,70,,1834,1,,,0
101,'74',750,,1873,1,,,0,70,,1883,1,,,0,30,,1867,1,,,0,70,,1874,1,,,0,30,,1882,1,,,0,70,,1868,1,,,0,30,,1875,1,,,0,70,,1880,1,,,0,30,,1869,1,,,0,70,,1876,1,,,0,30,,1881,1,,,0,70,,1866,1,,,0,30,,1877,1,,,0,70,,1885,1,,,0,30,,1870,1,,,0,70,,1878,1,,,0,30,,1886,1,,,0,70,,1871,1,,,0,30,,1879,1,,,0,70,,1884,1,,,0,30,,1865,1,,,0,70,,1872,1,,,0
101,'75',620,,1904,1,,,0,15,,1933,1,,,0,15,,1919,1,,,0,55,,1924,1,,,0,15,,1893,1,,,0,15,,1927,1,,,0,15,,1905,1,,,0,55,,1934,1,,,0,15,,1920,1,,,0,15,,1922,1,,,0,15,,1892,1,,,0,55,,1928,1,,,0,15,,1906,1,,,0,15,,1931,1,,,0,15,,1911,1,,,0,70,,1894,1,,,0,30,,1907,1,,,0,70,,1912,1,,,0,30,,1895,1,,,0,70,,1908,1,,,0,30,,1913,1,,,0,70,,1896,1,,,0,30,,1909,1,,,0,70,,1914,1,,,0,30,,1888,1,,,0,70,,1898,1,,,0,15,,1932,1,,,0,15,,1915,1,,,0,55,,1925,1,,,0,15,,1897,1,,,0,15,,1929,1,,,0,15,,1900,1,,,0,55,,1930,1,,,0,15,,1916,1,,,0,15,,1923,1,,,0,15,,1889,1,,,0,55,,1926,1,,,0,15,,1902,1,,,0,30,,1917,1,,,0,70,,1890,1,,,0,30,,1903,1,,,0,70,,1918,1,,,0,30,,1891,1,,,0,70,,1899,1,,,0,30,,1921,1,,,0,70,,1887,1,,,0,30,,1901,1,,,0,70,,1910,1,,,0
1200,'75',640,,2170,1,0,29,0,100,,2171,1,0,29,0,100,,2167,1,0,29,0,385,,2166,1,0,29,0,415,,2168,1,0,29,0,100,,2169,1,0,29,0
1201,'75',731,,2173,38,4,,0,100,,2174,38,4,,0,100,,2175,38,4,,0,390,,2172,38,4,,0,415,,2176,38,4,,0,100,,2177,38,4,,0
1500,'73',740,,2188,32,,,0,100,,2189,32,,,0,100,,2186,32,,,0,100,,2187,32,,,0,70,,2185,32,,,0,30,,2190,32,,,0,70,,2178,32,,,0,30,,2191,32,,,0,70,,2179,32,,,0,30,,2192,32,,,0,70,,2180,32,,,0,30,,2193,32,,,0,70,,2181,32,,,0,30,,2194,32,,,0,70,,2182,32,,,0,30,,2195,32,,,0,70,,2183,32,,,0,30,,2196,32,,,0,70,,2184,32,,,0,30,,2197,32,,,0,100,,2198,32,,,0,100,,2199,32,,,0,100,,2200,32,,,0,100,,2201,32,,,0
1500,'74',840,,2204,32,,,0,100,,2205,32,,,0,100,,2206,32,,,0,100,,2207,32,,,0,100,,2208,32,,,0,100,,2209,32,,,0,100,,2210,32,,,0,100,,2211,32,,,0,100,,2212,32,,,0,100,,2203,32,,,0,100,,2202,32,4,,0
1500,'75',640,,2230,32,,,0,70,,2213,32,,,0,30,,2231,32,,,0,70,,2214,32,,,0,30,,2226,32,,,0,70,,2215,32,,,0,30,,2227,32,,,0,70,,2216,32,,,0,30,,2228,32,,,0,70,,2217,32,,,0,30,,2229,32,,,0,70,,2218,32,,,0,30,,2232,32,,,0,70,,2219,32,,,0,30,,2233,32,,,0,70,,2237,32,,,0,30,,2234,32,,,0,70,,2238,32,,,0,30,,2235,32,,,0,70,,2239,32,,,0,30,,2236,32,,,0,70,,2240,32,,,0,30,,2220,32,,,0,70,,2241,32,,,0,30,,2221,32,,,0,100,,2222,32,,,0,100,,2223,32,,,0,100,,2224,32,,,0,100,,2225,32,,,0
1501,'73',650,,2259,1,0,33 2 34 35,0,100,,2263,5,0,33 2 34 35,0,100,,2256,5,0,33 2 34 35,0,100,,2260,5,0,33 2 34 35,0,100,,2262,5,0,33 2 34 35,0,70,,2243,5,0,33 2 34 35,0,30,,2251,5,0,33 2 34 35,0,70,,2244,5,0,33 2 34 35,0,30,,2252,5,0,33 2 34 35,0,70,,2245,5,0,33 2 34 35,0,30,,2253,5,0,33 2 34 35,0,70,,2246,5,0,33 2 34 35,0,30,,2254,5,0,33 2 34 35,0,70,,2247,5,0,33 2 34 35,0,30,,2255,5,0,33 2 34 35,0,70,,2248,5,0,33 2 34 35,0,30,,2261,5,0,33 2 34 35,0,70,,2249,5,0,33 2 34 35,0,30,,2257,5,0,33 2 34 35,0,70,,2242,5,0,33 2 34 35,0,30,,2265,5,0,33 2 34 35,0,100,,2258,5,0,33 2 34 35,0,100,,2250,5,0,33 2 34 35,0,100,,2264,5,0,33 2 34 35,0,100,,2266,5,0,33 2 34 35,0
1501,'74',750,,2274,1,0,33 2 34 35,0,100,,2273,5,0,33 2 34 35,0,100,,2271,5,0,33 2 34 35,0,100,,2272,5,0,33 2 34 35,0,100,,2270,5,0,33 2 34 35,0,100,,2276,5,0,33 2 34 35,0,100,,2277,5,0,33 2 34 35,0,100,,2268,5,0,33 2 34 35,0,100,,2269,5,0,33 2 34 35,0,100,,2267,5,0,33 2 34 35,0,100,,2275,5,0,33 2 34 35,0
1501,'75',620,,2280,1,0,33 2 34 35,0,30,,2286,5,0,33 2 34 35,0,70,,2281,5,0,33 2 34 35,0,30,,2301,5,0,33 2 34 35,0,70,,2282,5,0,33 2 34 35,0,30,,2296,5,0,33 2 34 35,0,70,,2283,5,0,33 2 34 35,0,30,,2297,5,0,33 2 34 35,0,70,,2278,5,0,33 2 34 35,0,30,,2302,5,0,33 2 34 35,0,70,,2284,5,0,33 2 34 35,0,30,,2289,5,0,33 2 34 35,0,70,,2285,5,0,33 2 34 35,0,30,,2292,5,0,33 2 34 35,0,70,,2279,5,0,33 2 34 35,0,30,,2287,5,0,33 2 34 35,0,70,,2307,5,0,33 2 34 35,0,30,,2290,5,0,33 2 34 35,0,70,,2304,5,0,33 2 34 35,0,30,,2291,5,0,33 2 34 35,0,70,,2305,5,0,33 2 34 35,0,30,,2300,5,0,33 2 34 35,0,70,,2306,5,0,33 2 34 35,0,30,,2293,5,0,33 2 34 35,0,70,,2303,5,0,33 2 34 35,0,30,,2294,5,0,33 2 34 35,0,100,,2295,5,0,33 2 34 35,0,100,,2298,5,0,33 2 34 35,0,100,,2299,5,0,33 2 34 35,0,100,,2288,5,0,33 2 34 35,0
