100,'70',636,,873,2,,,0,70,,884,2,,,0,29,,891,5,,,0,70,,865,5,,,0,30,,882,5,,,0,70,,892,5,,,0,30,,866,5,,,0,70,,883,5,,,0,30,,887,5,,,0,70,,867,5,,,0,30,,874,5,,,0,70,,888,5,,,0,30,,868,5,,,0,70,,875,5,,,0,30,,889,5,,,0,70,,869,5,,,0,30,,876,5,,,0,70,,885,5,,,0,30,,863,5,,,0,70,,877,5,,,0,30,,886,5,,,0,70,,864,5,,,0,30,,878,5,,,0,70,,890,5,,,0,30,,870,5,,,0,70,,879,5,,,0,30,,893,5,,,0,70,,871,5,,,0,30,,880,5,,,0,70,,894,5,,,0,30,,872,5,,,0,70,,881,5,,,0
100,'71',736,,910,2,,,0,70,,900,2,,,0,29,,902,5,,,0,70,,912,5,,,0,30,,901,5,,,0,70,,903,5,,,0,30,,916,5,,,0,70,,895,5,,,0,30,,904,5,,,0,70,,909,5,,,0,30,,896,5,,,0,70,,905,5,,,0,30,,913,5,,,0,70,,897,5,,,0,30,,906,5,,,0,70,,914,5,,,0,30,,898,5,,,0,70,,907,5,,,0,30,,915,5,,,0,70,,899,5,,,0,30,,908,5,,,0,70,,911,5,,,0
100,'72',606,,943,2,,,0,30,,927,2,,,0,15,,956,2,,,0,54,,933,5,,,0,15,,958,5,,,0,15,,949,5,,,0,15,,951,5,,,0,55,,917,5,,,0,15,,954,5,,,0,15,,928,5,,,0,15,,959,5,,,0,55,,950,5,,,0,30,,921,5,,,0,70,,929,5,,,0,30,,942,5,,,0,70,,922,5,,,0,30,,934,5,,,0,70,,940,5,,,0,30,,923,5,,,0,70,,935,5,,,0,30,,939,5,,,0,70,,924,5,,,0,30,,936,5,,,0,16,,962,2,,,0,54,,945,5,,,0,16,,953,2,,,0,14,,925,5,,,0,16,,957,2,,,0,54,,937,5,,,0,15,,960,5,,,0,15,,946,5,,,0,15,,952,5,,,0,55,,926,5,,,0,15,,955,5,,,0,15,,930,5,,,0,15,,961,5,,,0,55,,947,5,,,0,30,,918,5,,,0,70,,931,5,,,0,30,,948,5,,,0,70,,919,5,,,0,30,,932,5,,,0,70,,941,5,,,0,30,,920,5,,,0,70,,938,5,,,0,30,,944,5,,,0
101,'70',727,,991,46,,,0,28,,965,46,,,0,70,,980,46,,,0,30,,992,46,,,0,70,,966,46,,,0,30,,981,46,,,0,70,,993,46,,,0,30,,967,46,,,0,70,,982,46,,,0,30,,990,46,,,0,70,,968,46,,,0,30,,974,46,,,0,70,,994,46,,,0,30,,969,46,,,0,70,,975,46,,,0,30,,984,46,,,0,70,,963,46,,,0,30,,976,46,,,0,70,,985,46,,,0,30,,970,46,,,0,70,,977,46,,,0,30,,987,46,,,0,70,,971,46,,,0,30,,978,46,,,0,70,,988,46,,,0,30,,972,46,,,0,70,,983,46,,,0,30,,989,46,,,0,70,,973,46,,,0,30,,979,46,,,0
101,'71',826,,1003,46,,,0,30,,1013,46,,,0,70,,997,46,,,0,30,,1004,46,,,0,70,,1012,46,,,0,30,,998,46,,,0,70,,1005,46,,,0,30,,1010,46,,,0,70,,999,46,,,0,30,,1006,46,,,0,70,,1011,46,,,0,30,,996,46,,,0,70,,1007,46,,,0,30,,1015,46,,,0,70,,1000,46,,,0,30,,1008,46,,,0,70,,1016,46,,,0,30,,1001,46,,,0,70,,1009,46,,,0,30,,1014,46,,,0
101,'72',655,,1034,46,,,0,55,,1063,46,,,0,15,,1049,46,,,0,15,,1054,46,,,0,15,,1023,46,,,0,55,,1057,46,,,0,15,,1035,46,,,0,15,,1064,46,,,0,15,,1050,46,,,0,55,,1052,46,,,0,15,,1022,46,,,0,15,,1058,46,,,0,15,,1036,46,,,0,55,,1061,46,,,0,15,,1041,46,,,0,30,,1024,46,,,0,70,,1037,46,,,0,30,,1042,46,,,0,70,,1025,46,,,0,30,,1038,46,,,0,70,,1043,46,,,0,30,,1026,46,,,0,70,,1039,46,,,0,30,,1044,46,,,0,70,,1018,46,,,0,30,,1028,46,,,0,55,,1062,46,,,0,15,,1045,46,,,0,15,,1055,46,,,0,15,,1027,46,,,0,55,,1059,46,,,0,15,,1030,46,,,0,15,,1060,46,,,0,15,,1046,46,,,0,70,,1019,46,,,0,30,,1032,46,,,0,70,,1047,46,,,0,30,,1020,46,,,0,70,,1033,46,,,0,30,,1048,46,,,0,70,,1021,46,,,0,30,,1029,46,,,0,70,,1051,46,,,0
300,'70',620,,1086,2,,,0,30,,1065,2,,,0,70,,1079,2,,,0,30,,1087,2,,,0,70,,1066,2,,,0,30,,1080,2,,,0,70,,1088,2,,,0,30,,1067,2,,,0,70,,1081,2,,,0,30,,1096,2,,,0,70,,1068,2,,,0,30,,1077,2,,,0,70,,1090,2,,,0,30,,1069,2,,,0,70,,1078,2,,,0,30,,1095,2,,,0,70,,1070,2,,,0,30,,1083,2,,,0,70,,1089,2,,,0,30,,1071,2,,,0,70,,1084,2,,,0,30,,1091,2,,,0,70,,1072,2,,,0,30,,1082,2,,,0,70,,1092,2,,,0,30,,1073,2,,,0,70,,1085,2,,,0,30,,1093,2,,,0,70,,1074,2,,,0,30,,1076,2,,,0,70,,1094,2,,,0,30,,1075,2,,,0
300,'71',720,,1111,2,,,0,30,,1119,2,,,0,70,,1099,2,,,0,30,,1104,2,,,0,70,,1115,2,,,0,30,,1098,2,,,0,70,,1105,2,,,0,30,,1113,2,,,0,70,,1100,2,,,0,30,,1106,2,,,0,70,,1114,2,,,0,30,,1101,2,,,0,70,,1107,2,,,0,30,,1117,2,,,0,70,,1102,2,,,0,30,,1108,2,,,0,70,,1118,2,,,0,30,,1103,2,,,0,70,,1109,2,,,0,30,,1112,2,,,0,70,,1097,2,,,0,30,,1110,2,,,0,70,,1116,2,0,14 15,0
300,'72',550,,1141,2,,,0,70,,1154,2,,,0,30,,1128,2,,,0,70,,1142,2,,,0,30,,1149,2,,,0,70,,1125,2,,,0,30,,1137,2,,,0,70,,1144,2,,,0,30,,1126,2,,,0,70,,1131,2,,,0,30,,1150,2,,,0,70,,1127,2,,,0,30,,1138,2,,,0,70,,1145,2,,,0,30,,1120,2,,,0,70,,1132,2,,,0,30,,1146,2,,,0,70,,1121,2,,,0,30,,1133,2,,,0,70,,1147,2,,,0,30,,1122,2,,,0,70,,1134,2,,,0,30,,1148,2,,,0,70,,1123,2,,,0,30,,1139,2,,,0,70,,1143,2,,,0,30,,1124,2,,,0,70,,1136,2,,,0,30,,1152,2,,,0,70,,1129,2,,,0,30,,1140,2,,,0,70,,1153,2,,,0,30,,1130,2,,,0,70,,1135,2,,,0,30,,1151,2,,,0
900,'72',605,,1246,2,,,0,30,,1262,2,,,0,70,,1268,2,,,0,30,,1247,2,,,0,70,,1255,2,,,0,30,,1263,2,,,0,70,,1248,2,,,0,30,,1256,2,,,0,70,,1264,2,,,0,30,,1249,2,,,0,70,,1257,2,,,0,30,,1265,2,,,0,70,,1250,2,,,0,30,,1258,2,,,0,70,,1266,2,,,0,30,,1251,2,,,0,70,,1259,2,,,0,30,,1267,2,,,0,70,,1252,2,,,0,30,,1260,2,,,0,70,,1269,2,,,0,30,,1253,2,,,0,70,,1261,2,,,0,30,,1270,2,,,0,70,,1254,2,,,0
