101,'70',705,,991,19,,,0,30,,965,19,,,0,70,,980,19,,,0,30,,992,19,,,0,70,,966,19,,,0,30,,981,19,,,0,70,,993,19,,,0,30,,967,19,,,0,70,,982,19,,,0,30,,990,19,,,0,70,,968,19,,,0,30,,974,19,,,0,70,,994,19,,,0,30,,969,19,,,0,70,,975,19,,,0,30,,984,19,,,0,70,,963,19,,,0,30,,976,19,,,0,70,,985,19,,,0,30,,970,19,,,0,70,,977,19,,,0,30,,987,19,,,0,70,,971,19,,,0,30,,978,19,,,0,70,,988,19,,,0,30,,972,19,,,0,70,,983,19,,,0,30,,989,19,,,0,70,,973,19,,,0,30,,979,19,,,0,70,,986,19,,,0,30,,964,19,,,0
101,'71',805,,1003,19,,,0,30,,1013,19,,,0,70,,997,19,,,0,30,,1004,19,,,0,70,,1012,19,,,0,30,,998,19,,,0,70,,1005,19,,,0,30,,1010,19,,,0,70,,999,19,,,0,30,,1006,19,,,0,70,,1011,19,,,0,30,,996,19,,,0,70,,1007,19,,,0,30,,1015,19,,,0,70,,1000,19,,,0,30,,1008,19,,,0,70,,1016,19,,,0,30,,1001,19,,,0,70,,1009,19,,,0,30,,1014,19,,,0,70,,995,19,,,0,30,,1002,19,,,0
101,'72',635,,1034,19,,,0,15,,1063,19,,,0,55,,1049,19,,,0,15,,1054,19,,,0,15,,1023,19,,,0,15,,1057,19,,,0,55,,1035,19,,,0,15,,1064,19,,,0,15,,1050,19,,,0,15,,1052,19,,,0,55,,1022,19,,,0,15,,1058,19,,,0,15,,1036,19,,,0,15,,1061,19,,,0,55,,1041,19,,,0,30,,1024,19,,,0,70,,1037,19,,,0,30,,1042,19,,,0,70,,1025,19,,,0,30,,1038,19,,,0,70,,1043,19,,,0,30,,1026,19,,,0,70,,1039,19,,,0,30,,1044,19,,,0,70,,1018,19,,,0,30,,1028,19,,,0,15,,1062,19,,,0,55,,1045,19,,,0,15,,1055,19,,,0,15,,1027,19,,,0,15,,1059,19,,,0,55,,1030,19,,,0,15,,1060,19,,,0,15,,1046,19,,,0,15,,1053,19,,,0,55,,1019,19,,,0,15,,1056,19,,,0,15,,1032,19,,,0,70,,1047,19,,,0,30,,1020,19,,,0,70,,1033,19,,,0,30,,1048,19,,,0,70,,1021,19,,,0,30,,1029,19,,,0,70,,1051,19,,,0,30,,1017,19,,,0,70,,1031,19,,,0,30,,1040,19,,,0
301,'70',720,,1183,26,,,0,30,,1162,26,,,0,70,,1166,26,,,0,30,,1184,26,,,0,70,,1155,26,,,0,30,,1167,26,,,0,70,,1185,26,,,0,30,,1156,26,,,0,70,,1168,26,,,0,30,,1186,26,,,0,70,,1157,26,,,0,30,,1172,26,,,0,70,,1176,26,,,0,30,,1158,26,,,0,70,,1173,26,,,0,30,,1177,26,,,0,70,,1159,26,,,0,30,,1174,26,,,0,70,,1178,26,,,0,30,,1160,26,,,0,70,,1175,26,,,0,30,,1179,26,,,0,70,,1161,26,,,0,30,,1169,26,,,0,70,,1180,26,,,0,30,,1163,26,,,0,70,,1170,26,,,0,30,,1181,26,,,0,70,,1164,26,,,0,30,,1171,26,,,0,70,,1182,26,,,0,30,,1165,26,,,0
301,'71',750,,1187,26,,,0,70,,1195,26,,,0,30,,1209,26,,,0,70,,1188,26,,,0,30,,1196,26,,,0,70,,1203,26,,,0,30,,1189,26,,,0,70,,1197,26,,,0,30,,1204,26,,,0,70,,1190,26,,,0,30,,1198,26,,,0,70,,1205,26,,,0,30,,1191,26,,,0,70,,1199,26,,,0,30,,1206,26,,,0,70,,1192,26,,,0,30,,1200,26,,,0,70,,1207,26,,,0,30,,1193,26,,,0,70,,1201,26,,,0,30,,1208,26,,,0,70,,1194,26,,,0,30,,1202,26,,,0
301,'72',620,,1221,26,,,0,30,,1222,26,,,0,70,,1238,26,,,0,30,,1218,26,,,0,70,,1223,26,,,0,30,,1239,26,,,0,70,,1219,26,,,0,30,,1224,26,,,0,70,,1240,26,,,0,30,,1220,26,,,0,70,,1225,26,,,0,30,,1236,26,,,0,70,,1210,26,,,0,30,,1226,26,,,0,70,,1237,26,,,0,30,,1211,26,,,0,70,,1227,26,,,0,30,,1234,26,,,0,70,,1212,26,,,0,30,,1228,26,,,0,70,,1241,26,,,0,30,,1213,26,,,0,70,,1229,26,,,0,30,,1242,26,,,0,70,,1214,26,,,0,30,,1230,26,,,0,70,,1243,26,,,0,30,,1215,26,,,0,70,,1231,26,,,0,30,,1244,26,,,0,70,,1216,26,,,0,30,,1232,26,,,0,70,,1235,26,,,0,30,,1217,26,,,0,70,,1233,26,,,0,30,,1245,26,4,,0
901,'72',635,,1287,25,,,0,70,,1271,25,,,0,30,,1280,25,,,0,70,,1294,25,,,0,30,,1272,25,,,0,70,,1281,25,,,0,30,,1295,25,,,0,70,,1273,25,,,0,30,,1279,25,,,0,70,,1289,25,,,0,30,,1274,25,,,0,70,,1282,25,,,0,30,,1290,25,,,0,70,,1275,25,,,0,30,,1285,25,,,0,70,,1291,25,,,0,30,,1278,25,,,0,70,,1286,25,,,0,30,,1292,25,,,0,70,,1276,25,,,0,30,,1283,25,,,0,70,,1293,25,,,0,30,,1277,25,,,0,70,,1284,25,,,0,30,,1288,25,,,0
1501,'70',710,,1389,33,4,,0,100,,1393,37,4,,0,100,,1386,37,4,,0,100,,1390,37,4,,0,100,,1392,37,4,,0,30,,1373,37,4,,0,70,,1381,37,4,,0,30,,1374,37,4,,0,70,,1382,37,4,,0,30,,1375,37,4,,0,70,,1383,37,4,,0,30,,1376,37,4,,0,70,,1384,37,4,,0,30,,1377,37,4,,0,70,,1385,37,4,,0,30,,1378,37,4,,0,70,,1391,37,4,,0,30,,1379,37,4,,0,70,,1387,37,4,,0,30,,1372,37,4,,0,70,,1395,37,4,,0,100,,1388,37,4,,0,100,,1380,37,4,,0,100,,1394,37,4,,0,100,,1396,37,4,,0
1501,'71',810,,1404,33,4,,0,100,,1403,37,4,,0,100,,1401,37,4,,0,100,,1402,37,4,,0,100,,1400,37,4,,0,100,,1406,37,4,,0,100,,1407,37,4,,0,100,,1398,37,4,,0,100,,1399,37,4,,0,100,,1397,37,4,,0,100,,1405,37,4,,0
1501,'72',640,,1410,33,4,,0,70,,1416,37,4,,0,30,,1411,37,4,,0,70,,1431,37,4,,0,30,,1412,37,4,,0,70,,1426,37,4,,0,30,,1413,37,4,,0,70,,1427,37,4,,0,30,,1408,37,4,,0,70,,1432,37,4,,0,30,,1414,37,4,,0,70,,1419,37,4,,0,30,,1415,37,4,,0,70,,1422,37,4,,0,30,,1409,37,4,,0,70,,1417,37,4,,0,30,,1437,37,4,,0,70,,1420,37,4,,0,30,,1434,37,4,,0,70,,1421,37,4,,0,30,,1435,37,4,,0,70,,1430,37,4,,0,30,,1436,37,4,,0,70,,1423,37,4,,0,30,,1433,37,4,,0,70,,1424,37,4,,0,100,,1425,37,4,,0,100,,1428,37,4,,0,100,,1429,37,4,,0,100,,1418,37,4,,0
2000,'70',810,,1455,2,,,0,100,,1456,2,,,0,100,,1438,2,,,0,100,,1439,2,,,0,100,,1451,2,,,0,100,,1452,2,,,0,100,,1453,2,,,0,100,,1454,2,,,0,100,,1449,2,,,0,100,,1450,2,,,0
2000,'72',610,,1473,2,,,0,100,,1474,2,,,0,100,,1475,2,,,0,100,,1476,2,,,0,100,,1477,2,,,0,100,,1478,2,,,0,100,,1469,2,,,0,100,,1470,2,,,0,100,,1471,2,,,0,100,,1472,2,,,0,100,,1479,2,,,0,100,,1480,2,,,0,100,,1481,2,,,0
2300,'70',820,,1527,34,,,0,100,,1528,34,,,0,100,,1529,34,,,0,100,,1530,34,,,0,100,,1531,34,,,0,100,,1523,34,,,0,100,,1524,34,,,0,100,,1525,34,,,0,100,,1526,34,,,0,100,,1522,34,,,0,100,,1521,34,4,,0
2300,'72',650,,1547,34,,,0,70,,1533,34,,,0,30,,1548,34,,,0,70,,1534,34,,,0,30,,1555,34,,,0,70,,1535,34,,,0,30,,1549,34,,,0,70,,1536,34,,,0,30,,1550,34,,,0,70,,1537,34,,,0,30,,1551,34,,,0,70,,1538,34,,,0,30,,1556,34,,,0,70,,1539,34,,,0,30,,1557,34,,,0,70,,1540,34,,,0,30,,1558,34,,,0,70,,1541,34,,,0,30,,1552,34,,,0,70,,1542,34,,,0,30,,1553,34,,,0,70,,1543,34,,,0,30,,1554,34,,,0,70,,1544,34,,,0,100,,1545,34,,,0,100,,1546,34,,,0,100,,1532,34,4,,0
3301,'72',650,,1700,2,0,9 1 26,0,100,,1701,2,0,9 1 26,0,100,,1702,2,0,9 1 26,0,700,,1703,2,0,9 1 26,0,100,,1704,2,0,9 1 26,0,100,,1699,2,0,9 1 26,0
3501,'72',636,,1717,2,0,27 28,0,20,,1724,2,0,27 28,0,60,,1718,2,0,27 28,0,20,,1725,2,0,27 28,0,20,,1719,2,0,27 28,0,60,,1726,2,0,27 28,0,20,,1720,2,0,27 28,0,700,,1721,2,0,27 28,0,20,,1728,2,0,27 28,0,60,,1722,2,0,27 28,0,20,,1727,2,0,27 28,0,20,,1723,2,0,27 28,0
5200,'72',635,,1731,2,,,0,110,,1732,2,,,0,860,,1729,2,,,0,110,,1730,2,,,0
