100,'1',627,,8,32,,,0,30,,5,32,,,0,55,,16,32,,,0,15,,18,32,,,0,15,,38,32,,,0,15,,24,35,,,0,55,,14,35,,,0,15,,20,35,,,0,15,,6,35,,,0,15,,31,35,,,0,55,,2,35,,,0,15,,40,35,,,0,30,,7,35,,,0,70,,15,35,,,0,30,,35,35,,,0,70,,13,35,,,0,30,,1,35,,,0,70,,22,35,,,0,30,,10,35,,,0,70,,17,35,,,0,30,,26,35,,,0,70,,9,35,,,0,30,,30,35,,,0,55,,44,32,,,0,15,,23,35,,,0,15,,36,32,,,0,15,,25,35,,,0,55,,21,32,,,0,15,,28,35,,,0,15,,43,35,,,0,15,,12,35,,,0,55,,46,35,,,0,15,,32,35,,,0,15,,33,35,,,0,15,,37,35,,,0,55,,4,35,,,0,15,,3,35,,,0,30,,29,35,,,0,70,,45,35,,,0,30,,39,35,,,0,70,,41,35,,,0,30,,11,35,,,0,70,,19,35,,,0,30,,34,35,,,0,70,,27,35,,,0,30,,42,35,,,0
100,'2',657,,59,32,,,0,70,,62,32,,,0,30,,78,35,,,0,70,,60,35,,,0,30,,63,35,,,0,70,,55,35,,,0,30,,52,35,,,0,70,,74,35,,,0,30,,48,35,,,0,70,,53,35,,,0,30,,69,35,,,0,70,,51,35,,,0,30,,50,35,,,0,70,,66,35,,,0,30,,49,35,,,0,70,,77,35,,,0,30,,71,35,,,0,70,,47,35,,,0,30,,67,35,,,0,70,,64,35,,,0,30,,58,35,,,0,70,,73,35,,,0,30,,56,35,,,0,70,,61,35,,,0,30,,57,35,,,0,70,,75,35,,,0,30,,72,35,,,0,70,,76,35,,,0,30,,54,35,,,0,70,,68,35,,,0,30,,65,35,,,0,70,,70,35,,,0
100,'3',757,,97,32,,,0,70,,80,32,,,0,30,,98,35,,,0,70,,85,35,,,0,30,,86,35,,,0,70,,96,35,,,0,30,,95,35,,,0,70,,94,35,,,0,30,,82,35,,,0,70,,88,35,,,0,30,,92,35,,,0,70,,84,35,,,0,30,,91,35,,,0,70,,83,35,,,0,30,,99,35,,,0,70,,90,35,,,0,30,,87,35,,,0,70,,100,35,,,0,30,,79,35,,,0,70,,93,35,,,0,30,,89,35,,,0,70,,81,35,,,0
300,'1',613,,212,33,,,0,30,,202,33,,,0,70,,217,33,,,0,30,,218,33,,,0,70,,207,33,,,0,30,,206,33,,,0,70,,209,33,,,0,30,,232,33,,,0,70,,211,33,,,0,30,,223,33,,,0,70,,224,33,,,0,30,,227,33,,,0,70,,230,33,,,0,30,,222,33,,,0,70,,221,33,,,0,30,,235,33,,,0,70,,231,33,,,0,30,,203,33,,,0,70,,215,33,,,0,30,,233,33,,,0,70,,205,33,,,0,30,,204,33,,,0,70,,219,33,,,0,30,,208,33,,,0,70,,229,33,,,0,30,,236,33,,,0,70,,226,33,,,0,30,,216,33,,,0,70,,234,33,,,0,30,,220,33,,,0,70,,213,33,,,0,30,,225,33,,,0,70,,214,33,,,0,30,,210,33,,,0,70,,228,33,,,0
300,'2',643,,237,33,,,0,70,,248,33,,,0,30,,266,33,,,0,70,,255,33,,,0,30,,250,33,,,0,70,,251,33,,,0,30,,241,33,,,0,70,,264,33,,,0,30,,244,33,,,0,70,,267,33,,,0,30,,259,33,,,0,70,,243,33,,,0,30,,254,33,,,0,70,,246,33,,,0,30,,252,33,,,0,70,,268,33,,,0,30,,240,33,,,0,70,,245,33,,,0,30,,256,33,,,0,70,,242,33,,,0,30,,249,33,,,0,70,,265,33,,,0,30,,257,33,,,0,70,,261,33,,,0,30,,239,33,,,0,70,,260,33,,,0,30,,263,33,,,0,70,,262,33,,,0,30,,253,33,,,0,70,,238,33,,,0,30,,258,33,,,0,70,,247,33,,,0
300,'3',743,,273,33,,,0,70,,284,33,,,0,30,,291,33,,,0,70,,281,33,,,0,30,,279,33,,,0,70,,289,33,,,0,30,,271,33,,,0,70,,287,33,,,0,30,,283,33,,,0,70,,280,33,,,0,30,,282,33,,,0,70,,276,33,,,0,30,,288,33,,,0,70,,286,33,,,0,30,,274,33,,,0,70,,290,33,,,0,30,,278,33,,,0,70,,275,33,,,0,30,,277,33,,,0,70,,272,33,,,0,30,,285,33,,,0,70,,270,33,,,0,30,,269,33,,,0
900,'1',628,,404,34,,,0,30,,402,34,,,0,70,,405,34,,,0,30,,392,34,,,0,70,,406,34,,,0,30,,396,34,,,0,70,,400,34,,,0,30,,391,34,,,0,70,,407,34,,,0,30,,387,34,,,0,70,,384,34,,,0,30,,386,34,,,0,70,,388,34,,,0,30,,403,34,,,0,70,,389,34,,,0,30,,394,34,,,0,70,,383,34,,,0,30,,397,34,,,0,70,,393,34,,,0,30,,395,34,,,0,70,,399,34,,,0,30,,390,34,,,0,70,,401,34,,,0,30,,398,34,,,0,70,,385,34,,,0
1500,'1',623,,457,3,,,0,30,,465,3,,,0,70,,446,3,,,0,30,,460,3,,,0,70,,467,3,,,0,30,,454,3,,,0,70,,470,3,,,0,30,,447,3,,,0,70,,464,3,,,0,30,,472,3,,,0,70,,456,3,,,0,30,,466,3,,,0,70,,449,3,,,0,30,,455,3,,,0,70,,448,3,,,0,30,,453,3,,,0,70,,451,3,,,0,30,,444,3,,,0,70,,468,3,,,0,30,,445,3,,,0,70,,462,3,,,0,30,,463,3,,,0,70,,458,3,,,0,30,,450,3,,,0,70,,461,3,,,0,100,,452,3,,,0,100,,471,3,,,0,100,,459,3,,,0,100,,469,3,,,0
1500,'2',723,,482,3,,,0,100,,495,3,,,0,100,,476,3,,,0,100,,493,3,,,0,30,,492,3,,,0,70,,477,3,,,0,30,,487,3,,,0,70,,485,3,,,0,30,,474,3,,,0,70,,481,3,,,0,30,,480,3,,,0,70,,486,3,,,0,30,,496,3,,,0,70,,490,3,,,0,30,,491,3,,,0,70,,478,3,,,0,30,,484,3,,,0,70,,483,3,,,0,30,,489,3,,,0,70,,479,3,,,0,100,,494,3,,,0,100,,488,3,,,0,100,,475,3,,,0,100,,473,3,0,16 17,0
1500,'3',823,,498,3,,,0,100,,501,3,,,0,100,,499,3,,,0,100,,506,3,,,0,100,,504,3,,,0,100,,502,3,,,0,100,,503,3,,,0,100,,507,3,,,0,100,,505,3,,,0,100,,500,3,,,0,100,,497,3,0,16 17,0
2309,'1',625,,673,3,,,0,30,,663,3,,,0,70,,678,3,,,0,30,,669,3,,,0,70,,658,3,,,0,30,,661,3,,,0,70,,677,3,,,0,30,,675,3,,,0,70,,672,3,,,0,30,,681,3,,,0,70,,682,3,,,0,30,,660,3,,,0,70,,659,3,,,0,30,,662,3,,,0,70,,668,3,,,0,30,,671,3,,,0,70,,674,3,,,0,30,,684,3,,,0,70,,666,3,,,0,30,,667,3,,,0,70,,670,3,,,0,30,,680,3,,,0,70,,683,3,,,0,30,,664,3,,,0,100,,676,3,,,0,100,,679,3,,,0,100,,665,3,,,0
2309,'2',755,,685,3,,,0,100,,694,3,,,0,100,,687,3,,,0,100,,693,3,,,0,100,,692,3,,,0,100,,690,3,,,0,100,,695,3,,,0,100,,691,3,,,0,100,,686,3,,,0,100,,689,3,,,0,100,,688,3,,,0
