101,'1',636,,136,19,,,0,70,,108,19,,,0,15,,131,19,,,0,15,,103,19,,,0,15,,125,19,,,0,55,,135,19,,,0,15,,117,19,,,0,15,,107,19,,,0,15,,105,19,,,0,55,,142,19,,,0,15,,106,19,,,0,15,,130,19,,,0,15,,147,19,,,0,55,,116,19,,,0,30,,118,19,,,0,70,,139,19,,,0,30,,124,19,,,0,70,,102,19,,,0,30,,101,19,,,0,70,,128,19,,,0,30,,138,19,,,0,70,,126,19,,,0,30,,134,19,,,0,70,,120,19,,,0,30,,114,19,,,0,15,,123,19,,,0,55,,140,19,,,0,15,,137,19,,,0,15,,145,19,,,0,15,,109,19,,,0,55,,132,19,,,0,15,,141,19,,,0,15,,119,19,,,0,15,,110,19,0,18 19,0,55,,143,19,,,0,15,,144,19,0,18 19,0,15,,104,19,,,0,70,,115,19,,,0,30,,129,19,,,0,70,,127,19,,,0,30,,111,19,,,0,70,,112,19,,,0,30,,122,19,,,0,70,,133,19,,,0,30,,121,19,0,18 19,0,70,,113,19,0,18 19,0,30,,146,19,0,18 19,0
101,'2',706,,155,19,,,0,30,,151,19,,,0,70,,178,19,,,0,30,,153,19,,,0,70,,158,19,,,0,30,,166,19,,,0,70,,154,19,,,0,30,,172,19,,,0,70,,171,19,,,0,30,,163,19,,,0,70,,159,19,,,0,30,,157,19,,,0,70,,156,19,,,0,30,,176,19,,,0,70,,162,19,,,0,30,,175,19,,,0,70,,160,19,,,0,30,,149,19,,,0,70,,173,19,,,0,30,,170,19,,,0,70,,150,19,,,0,30,,152,19,,,0,70,,165,19,,,0,30,,164,19,,,0,70,,177,19,,,0,30,,167,19,,,0,70,,148,19,,,0,30,,179,19,,,0,70,,169,19,,,0,30,,161,19,,,0,70,,174,19,0,18 19,0,30,,168,19,0,18 19,0
101,'3',806,,200,19,,,0,30,,186,19,,,0,70,,184,19,,,0,30,,189,19,,,0,70,,195,19,,,0,30,,181,19,,,0,70,,185,19,,,0,30,,183,19,,,0,70,,201,19,,,0,30,,182,19,,,0,70,,194,19,,,0,30,,180,19,,,0,70,,191,19,,,0,30,,197,19,,,0,70,,187,19,,,0,30,,188,19,,,0,70,,196,19,,,0,30,,198,19,,,0,70,,190,19,,,0,30,,193,19,,,0,70,,192,19,0,18 19,0,30,,199,19,0,18 19,0
901,'1',705,,417,25,,,0,30,,408,25,,,0,70,,410,25,,,0,30,,429,25,,,0,70,,416,25,,,0,30,,418,25,,,0,70,,428,25,,,0,30,,425,25,,,0,70,,423,25,,,0,30,,415,25,,,0,70,,409,25,,,0,30,,421,25,,,0,70,,411,25,,,0,30,,413,25,,,0,70,,412,25,,,0,30,,414,25,,,0,70,,422,25,,,0,30,,420,25,,,0,70,,426,25,,,0,30,,424,25,,,0,70,,431,25,,,0,30,,419,25,,,0,70,,427,25,,,0,30,,430,25,,,0
2009,'1',611,,574,2,,,0,100,,592,2,,,0,100,,597,2,,,0,100,,594,2,,,0,100,,575,2,,,0,100,,577,2,,,0,100,,587,2,,,0,100,,581,2,,,0,100,,589,2,,,0,100,,593,2,,,0,100,,579,2,,,0,100,,586,2,,,0,100,,573,2,,,0
2009,'2',811,,611,2,,,0,100,,613,2,,,0,100,,602,2,,,0,100,,616,2,,,0,100,,606,2,,,0,100,,601,2,,,0,100,,609,2,,,0,100,,607,2,,,0,100,,603,2,,,0,100,,617,2,,,0,100,,615,2,,,0
2309,'1',650,,673,36,,,0,70,,663,36,,,0,30,,678,36,,,0,70,,669,36,,,0,30,,658,36,,,0,70,,661,36,,,0,30,,677,36,,,0,70,,675,36,,,0,30,,672,36,,,0,70,,681,36,,,0,30,,682,36,,,0,70,,660,36,,,0,30,,659,36,,,0,70,,662,36,,,0,30,,668,36,,,0,70,,671,36,,,0,30,,674,36,,,0,70,,684,36,,,0,30,,666,36,,,0,70,,667,36,,,0,30,,670,36,,,0,70,,680,36,,,0,30,,683,36,,,0,70,,664,36,,,0,100,,676,36,,,0,100,,679,36,,,0
2309,'2',820,,685,36,,,0,100,,694,36,,,0,100,,687,36,,,0,100,,693,36,,,0,100,,692,36,,,0,100,,690,36,,,0,100,,695,36,,,0,100,,691,36,,,0,100,,686,36,,,0,100,,689,36,,,0
3309,'1',650,,839,2,,,0,100,,841,2,,,0,100,,843,2,,,0,700,,840,2,,,0,100,,842,2,,,0,100,,844,2,,,0
3509,'1',637,,846,2,,,0,20,,857,2,,,0,60,,854,2,,,0,20,,848,2,,,0,20,,850,2,,,0,60,,852,2,0,12 22,0,20,,858,2,0,12 22,0,700,,847,2,,,0,20,,845,2,,,0,60,,853,2,,,0,20,,856,2,,,0,20,,849,2,,,0
5200,'1',636,,859,2,,,0,110,,860,2,,,0
5209,'1',1606,,862,2,,,0,110,,861,2,,,0
