100,'1',640,,8,48,4,,0,70,,5,48,4,,0,15,,16,48,4,,0,15,,18,48,4,,0,15,,38,48,4,,0,55,,24,51,4,,0,15,,14,51,4,,0,15,,20,51,4,,0,15,,6,51,4,,0,55,,31,51,4,,0,15,,2,51,4,,0,15,,40,51,4,,0,70,,7,51,4,,0,30,,15,51,4,,0,70,,35,51,4,,0,30,,13,51,4,,0,70,,1,51,4,,0,30,,22,51,4,,0,70,,10,51,4,,0,30,,17,51,4,,0,70,,26,51,4,,0,30,,9,51,4,,0,70,,30,51,4,,0,15,,44,48,4,,0,15,,23,51,4,,0,15,,36,48,4,,0,55,,25,51,4,,0,15,,21,48,4,,0,15,,28,51,4,,0,15,,43,51,4,,0,55,,12,51,4,,0,15,,46,51,4,,0,15,,32,51,4,,0,15,,33,51,4,,0,55,,37,51,4,,0,15,,4,51,4,,0,15,,3,51,4,,0,70,,29,51,4,,0,30,,45,51,4,,0,70,,39,51,4,,0,30,,41,51,4,,0,70,,11,51,4,,0,30,,19,51,4,,0,70,,34,51,4,,0,30,,27,51,4,,0,70,,42,51,4,,0
100,'2',710,,59,48,4,,0,30,,62,48,4,,0,70,,78,51,4,,0,30,,60,51,4,,0,70,,63,51,4,,0,30,,55,51,4,,0,70,,52,51,4,,0,30,,74,51,4,,0,70,,48,51,4,,0,30,,53,51,4,,0,70,,69,51,4,,0,30,,51,51,4,,0,70,,50,51,4,,0,30,,66,51,4,,0,70,,49,51,4,,0,30,,77,51,4,,0,70,,71,51,4,,0,30,,47,51,4,,0,70,,67,51,4,,0,30,,64,51,4,,0,70,,58,51,4,,0,30,,73,51,4,,0,70,,56,51,4,,0,30,,61,51,4,,0,70,,57,51,4,,0,30,,75,51,4,,0,70,,72,51,4,,0,30,,76,51,4,,0,70,,54,51,4,,0,30,,68,51,4,,0,70,,65,51,4,,0,30,,70,51,4,,0
100,'3',810,,97,48,4,,0,30,,80,48,4,,0,70,,98,51,4,,0,30,,85,51,4,,0,70,,86,51,4,,0,30,,96,51,4,,0,70,,95,51,4,,0,30,,94,51,4,,0,70,,82,51,4,,0,30,,88,51,4,,0,70,,92,51,4,,0,30,,84,51,4,,0,70,,91,51,4,,0,30,,83,51,4,,0,70,,99,51,4,,0,30,,90,51,4,,0,70,,87,51,4,,0,30,,100,51,4,,0,70,,79,51,4,,0,30,,93,51,4,,0,70,,89,51,4,,0,30,,81,51,4,,0
101,'1',620,,136,0,,,0,30,,108,0,,,0,55,,131,0,,,0,15,,103,0,,,0,15,,125,0,,,0,15,,135,0,,,0,55,,117,0,,,0,15,,107,0,,,0,15,,105,0,,,0,15,,142,0,,,0,55,,106,0,,,0,15,,130,0,,,0,15,,147,0,,,0,15,,116,0,,,0,70,,118,0,,,0,30,,139,0,,,0,70,,124,0,,,0,30,,102,0,,,0,70,,101,0,,,0,30,,128,0,,,0,70,,138,0,,,0,30,,126,0,,,0,70,,134,0,,,0,30,,120,0,,,0,70,,114,0,,,0,15,,123,0,,,0,15,,140,0,,,0,55,,137,0,,,0,15,,145,0,,,0,15,,109,0,,,0,15,,132,0,,,0,55,,141,0,,,0,15,,119,0,,,0,15,,110,0,0,18 19,0,15,,143,0,,,0,55,,144,0,0,18 19,0,15,,104,0,,,0,30,,115,0,,,0,70,,129,0,,,0,30,,127,0,,,0,70,,111,0,,,0,30,,112,0,,,0,70,,122,0,,,0,30,,133,0,,,0,70,,121,0,0,18 19,0,30,,113,0,0,18 19,0,70,,146,0,0,18 19,0
101,'2',650,,155,0,,,0,70,,151,0,,,0,30,,178,0,,,0,70,,153,0,,,0,30,,158,0,,,0,70,,166,0,,,0,30,,154,0,,,0,70,,172,0,,,0,30,,171,0,,,0,70,,163,0,,,0,30,,159,0,,,0,70,,157,0,,,0,30,,156,0,,,0,70,,176,0,,,0,30,,162,0,,,0,70,,175,0,,,0,30,,160,0,,,0,70,,149,0,,,0,30,,173,0,,,0,70,,170,0,,,0,30,,150,0,,,0,70,,152,0,,,0,30,,165,0,,,0,70,,164,0,,,0,30,,177,0,,,0,70,,167,0,,,0,30,,148,0,,,0,70,,179,0,,,0,30,,169,0,,,0,70,,161,0,,,0,30,,174,0,0,18 19,0,70,,168,0,0,18 19,0
101,'3',750,,200,0,,,0,70,,186,0,,,0,30,,184,0,,,0,70,,189,0,,,0,30,,195,0,,,0,70,,181,0,,,0,30,,185,0,,,0,70,,183,0,,,0,30,,201,0,,,0,70,,182,0,,,0,30,,194,0,,,0,70,,180,0,,,0,30,,191,0,,,0,70,,197,0,,,0,30,,187,0,,,0,70,,188,0,,,0,30,,196,0,,,0,70,,198,0,,,0,30,,190,0,,,0,70,,193,0,,,0,30,,192,0,0,18 19,0,70,,199,0,0,18 19,0
1200,'1',640,,434,0,0,5 6,0,100,,433,0,0,5 6,0,100,,435,0,0,5 6,0,386,,432,0,0,7 6,0,415,,436,0,0,7 6,0,100,,437,0,0,7 6,0
1201,'1',735,,438,36,4,,0,100,,443,36,4,,0,100,,440,36,4,,0,385,,441,36,4,,0,415,,442,36,4,,0,100,,439,36,4,,0
1500,'1',641,1,457,27,,,0,70,1,465,27,,,0,30,1,446,27,,,0,70,1,460,27,,,0,30,1,467,27,,,0,70,1,454,27,,,0,30,1,470,27,,,0,70,1,447,27,,,0,30,1,464,27,,,0,70,1,472,27,,,0,30,1,456,27,,,0,70,1,466,27,,,0,30,1,449,27,,,0,70,1,455,27,,,0,30,1,448,27,,,0,70,1,453,27,,,0,30,1,451,27,,,0,70,1,444,27,,,0,30,1,468,27,,,0,70,1,445,27,,,0,30,1,462,27,,,0,70,1,463,27,,,0,30,1,458,27,,,0,70,1,450,27,,,0,30,1,461,27,,,0,100,1,452,27,,,0,100,1,471,27,,,0,100,1,459,27,,,0,100,1,469,27,,,0
1500,'2',741,1,482,27,,,0,100,1,495,27,,,0,100,1,476,27,,,0,100,1,493,27,,,0,70,1,492,27,,,0,30,1,477,27,,,0,70,1,487,27,,,0,30,1,485,27,,,0,70,1,474,27,,,0,30,1,481,27,,,0,70,1,480,27,,,0,30,1,486,27,,,0,70,1,496,27,,,0,30,1,490,27,,,0,70,1,491,27,,,0,30,1,478,27,,,0,70,1,484,27,,,0,30,1,483,27,,,0,70,1,489,27,,,0,30,1,479,27,,,0,100,1,494,27,,,0,100,1,488,27,,,0,100,1,475,27,,,0,99,,473,27,4,,0
1500,'3',841,1,498,27,,,0,100,1,501,27,,,0,100,1,499,27,,,0,100,1,506,27,,,0,100,1,504,27,,,0,100,1,502,27,,,0,100,1,503,27,,,0,100,1,507,27,,,0,100,1,505,27,,,0,100,1,500,27,,,0,99,,497,27,4,,0
1501,'1',620,,527,0,,,0,30,,525,4,,,0,70,,530,4,,,0,30,,513,4,,,0,70,,535,4,,,0,30,,516,4,,,0,70,,524,4,,,0,30,,537,4,,,0,70,,526,4,,,0,30,,519,4,,,0,70,,534,4,,,0,30,,529,4,,,0,70,,531,4,,,0,30,,517,4,,,0,70,,521,4,,,0,30,,509,4,,,0,70,,523,4,,,0,30,,510,4,,,0,70,,515,4,,,0,30,,514,4,,,0,70,,522,4,,,0,30,,518,4,,,0,70,,532,4,,,0,30,,511,4,,,0,70,,512,4,,,0,30,,536,4,,,0,100,,533,4,,,0,100,,528,4,,,0,100,,508,4,,,0,100,,520,4,,,0
1501,'2',650,,544,0,,,0,100,,552,4,,,0,100,,547,4,,,0,100,,542,4,,,0,100,,551,4,,,0,70,,558,4,,,0,30,,543,4,,,0,70,,557,4,,,0,30,,549,4,,,0,70,,540,4,,,0,30,,541,4,,,0,70,,546,4,,,0,30,,550,4,,,0,70,,555,4,,,0,30,,539,4,,,0,70,,548,4,,,0,30,,561,4,,,0,70,,554,4,,,0,30,,553,4,,,0,70,,538,4,,,0,30,,560,4,,,0,100,,559,4,,,0,100,,545,4,,,0,100,,556,4,,,0
1501,'3',750,,565,0,,,0,100,,572,4,,,0,100,,566,4,,,0,100,,562,4,,,0,100,,569,4,,,0,100,,563,4,,,0,100,,571,4,,,0,100,,564,4,,,0,100,,568,4,,,0,100,,570,4,,,0,100,,567,4,,,0
