300,'1',608,,212,28,,,0,30,,202,28,,,0,70,,217,28,,,0,30,,218,28,,,0,70,,207,28,,,0,30,,206,28,,,0,70,,209,28,,,0,30,,232,28,,,0,70,,211,28,,,0,30,,223,28,,,0,70,,224,28,,,0,30,,227,28,,,0,70,,230,28,,,0,30,,222,28,,,0,70,,221,28,,,0,30,,235,28,,,0,70,,231,28,,,0,30,,203,28,,,0,70,,215,28,,,0,30,,233,28,,,0,70,,205,28,,,0,30,,204,28,,,0,70,,219,28,,,0,30,,208,28,,,0,70,,229,28,,,0,30,,236,28,,,0,70,,226,28,,,0,30,,216,28,,,0,70,,234,28,,,0,30,,220,28,,,0,70,,213,28,,,0,30,,225,28,,,0,70,,214,28,,,0,30,,210,28,,,0,70,,228,28,,,0
300,'2',638,,237,28,,,0,70,,248,28,,,0,30,,266,28,,,0,70,,255,28,,,0,30,,250,28,,,0,70,,251,28,,,0,30,,241,28,,,0,70,,264,28,,,0,30,,244,28,,,0,70,,267,28,,,0,30,,259,28,,,0,70,,243,28,,,0,30,,254,28,,,0,70,,246,28,,,0,30,,252,28,,,0,70,,268,28,,,0,30,,240,28,,,0,70,,245,28,,,0,30,,256,28,,,0,70,,242,28,,,0,30,,249,28,,,0,70,,265,28,,,0,30,,257,28,,,0,70,,261,28,,,0,30,,239,28,,,0,70,,260,28,,,0,30,,263,28,,,0,70,,262,28,,,0,30,,253,28,,,0,70,,238,28,,,0,30,,258,28,,,0,70,,247,28,,,0
300,'3',738,,273,28,,,0,70,,284,28,,,0,30,,291,28,,,0,70,,281,28,,,0,30,,279,28,,,0,70,,289,28,,,0,30,,271,28,,,0,70,,287,28,,,0,30,,283,28,,,0,70,,280,28,,,0,30,,282,28,,,0,70,,276,28,,,0,30,,288,28,,,0,70,,286,28,,,0,30,,274,28,,,0,70,,290,28,,,0,30,,278,28,,,0,70,,275,28,,,0,30,,277,28,,,0,70,,272,28,,,0,30,,285,28,,,0,70,,270,28,,,0,30,,269,28,,,0
900,'1',623,,404,29,,,0,30,,402,29,,,0,70,,405,29,,,0,30,,392,29,,,0,70,,406,29,,,0,30,,396,29,,,0,70,,400,29,,,0,30,,391,29,,,0,70,,407,29,,,0,30,,387,29,,,0,70,,384,29,,,0,30,,386,29,,,0,70,,388,29,,,0,30,,403,29,,,0,70,,389,29,,,0,30,,394,29,,,0,70,,383,29,,,0,30,,397,29,,,0,70,,393,29,,,0,30,,395,29,,,0,70,,399,29,,,0,30,,390,29,,,0,70,,401,29,,,0,30,,398,29,,,0,70,,385,29,,,0
2009,'1',707,,591,30,0,14 15,0,100,,576,30,0,14 15,0,100,,590,30,0,14 15,0,100,,588,30,0,14 15,0,100,,595,30,0,14 15,0,100,,578,30,0,14 15,0,100,,585,30,0,14 15,0,100,,596,30,0,14 15,0,100,,584,30,0,14 15,0,100,,580,30,0,14 15,0,100,,582,30,0,14 15,0,100,,583,30,0,14 15,0
2009,'2',807,,608,30,0,14 15,0,100,,604,30,0,14 15,0,100,,605,30,0,14 15,0,100,,599,30,0,14 15,0,100,,614,30,0,14 15,0,100,,619,30,0,14 15,0,100,,600,30,0,14 15,0,100,,598,30,0,14 15,0,100,,618,30,0,14 15,0,100,,610,30,0,14 15,0,100,,612,30,0,14 15,0
3301,'1',740,,834,37,,,0,100,,837,37,,,0,700,,836,37,,,0,100,,838,37,,,0,100,,835,37,,,0
3509,'1',708,,846,19,,,0,20,,857,19,,,0,20,,854,19,,,0,60,,848,19,,,0,20,,850,19,,,0,700,,855,7,0,12 13,0,20,,851,7,0,12 13,0,60,,847,19,,,0,20,,845,19,,,0,20,,853,19,,,0,60,,856,19,,,0,20,,849,19,,,0
5200,'1',739,,859,22,,,0,110,,860,22,,,0
5209,'1',1708,,862,22,,,0,110,,861,22,,,0
