101,'70',705,,991,20,,,0,30,,965,20,,,0,70,,980,20,,,0,30,,992,20,,,0,70,,966,20,,,0,30,,981,20,,,0,70,,993,20,,,0,30,,967,20,,,0,70,,982,20,,,0,30,,990,20,,,0,70,,968,20,,,0,30,,974,20,,,0,70,,994,20,,,0,30,,969,20,,,0,70,,975,20,,,0,30,,984,20,,,0,70,,963,20,,,0,30,,976,20,,,0,70,,985,20,,,0,30,,970,20,,,0,70,,977,20,,,0,30,,987,20,,,0,70,,971,20,,,0,30,,978,20,,,0,70,,988,20,,,0,30,,972,20,,,0,70,,983,20,,,0,30,,989,20,,,0,70,,973,20,,,0,30,,979,20,,,0,70,,986,20,,,0,30,,964,20,,,0
101,'71',805,,1003,20,,,0,30,,1013,20,,,0,70,,997,20,,,0,30,,1004,20,,,0,70,,1012,20,,,0,30,,998,20,,,0,70,,1005,20,,,0,30,,1010,20,,,0,70,,999,20,,,0,30,,1006,20,,,0,70,,1011,20,,,0,30,,996,20,,,0,70,,1007,20,,,0,30,,1015,20,,,0,70,,1000,20,,,0,30,,1008,20,,,0,70,,1016,20,,,0,30,,1001,20,,,0,70,,1009,20,,,0,30,,1014,20,,,0,70,,995,20,,,0,30,,1002,20,,,0
101,'72',636,,1034,20,,,0,15,,1063,20,,,0,55,,1049,20,,,0,15,,1054,20,,,0,15,,1023,20,,,0,15,,1057,20,,,0,55,,1035,20,,,0,15,,1064,20,,,0,15,,1050,20,,,0,15,,1052,20,,,0,55,,1022,20,,,0,15,,1058,20,,,0,15,,1036,20,,,0,15,,1061,20,,,0,55,,1041,20,,,0,30,,1024,20,,,0,70,,1037,20,,,0,30,,1042,20,,,0,70,,1025,20,,,0,30,,1038,20,,,0,70,,1043,20,,,0,30,,1026,20,,,0,70,,1039,20,,,0,30,,1044,20,,,0,70,,1018,20,,,0,30,,1028,20,,,0,15,,1062,20,,,0,55,,1045,20,,,0,15,,1055,20,,,0,15,,1027,20,,,0,15,,1059,20,,,0,55,,1030,20,,,0,15,,1060,20,,,0,15,,1046,20,,,0,15,,1053,20,,,0,55,,1019,20,,,0,15,,1056,20,,,0,15,,1032,20,,,0,70,,1047,20,,,0,30,,1020,20,,,0,70,,1033,20,,,0,30,,1048,20,,,0,70,,1021,20,,,0,30,,1029,20,,,0,70,,1051,20,,,0,30,,1017,20,,,0,70,,1031,20,,,0,30,,1040,20,,,0
301,'70',720,,1183,27,,,0,30,,1162,27,,,0,70,,1166,27,,,0,30,,1184,27,,,0,70,,1155,27,,,0,30,,1167,27,,,0,70,,1185,27,,,0,30,,1156,27,,,0,70,,1168,27,,,0,30,,1186,27,,,0,70,,1157,27,,,0,30,,1172,27,,,0,70,,1176,27,,,0,30,,1158,27,,,0,70,,1173,27,,,0,30,,1177,27,,,0,70,,1159,27,,,0,30,,1174,27,,,0,70,,1178,27,,,0,30,,1160,27,,,0,70,,1175,27,,,0,30,,1179,27,,,0,70,,1161,27,,,0,30,,1169,27,,,0,70,,1180,27,,,0,30,,1163,27,,,0,70,,1170,27,,,0,30,,1181,27,,,0,70,,1164,27,,,0,30,,1171,27,,,0,70,,1182,27,,,0,30,,1165,27,,,0
301,'71',750,,1187,27,,,0,70,,1195,27,,,0,30,,1209,27,,,0,70,,1188,27,,,0,30,,1196,27,,,0,70,,1203,27,,,0,30,,1189,27,,,0,70,,1197,27,,,0,30,,1204,27,,,0,70,,1190,27,,,0,30,,1198,27,,,0,70,,1205,27,,,0,30,,1191,27,,,0,70,,1199,27,,,0,30,,1206,27,,,0,70,,1192,27,,,0,30,,1200,27,,,0,70,,1207,27,,,0,30,,1193,27,,,0,70,,1201,27,,,0,30,,1208,27,,,0,70,,1194,27,,,0,30,,1202,27,,,0
301,'72',620,,1221,27,,,0,30,,1222,27,,,0,70,,1238,27,,,0,30,,1218,27,,,0,70,,1223,27,,,0,30,,1239,27,,,0,70,,1219,27,,,0,30,,1224,27,,,0,70,,1240,27,,,0,30,,1220,27,,,0,70,,1225,27,,,0,30,,1236,27,,,0,70,,1210,27,,,0,30,,1226,27,,,0,70,,1237,27,,,0,30,,1211,27,,,0,70,,1227,27,,,0,30,,1234,27,,,0,70,,1212,27,,,0,30,,1228,27,,,0,70,,1241,27,,,0,30,,1213,27,,,0,70,,1229,27,,,0,30,,1242,27,,,0,70,,1214,27,,,0,30,,1230,27,,,0,70,,1243,27,,,0,30,,1215,27,,,0,70,,1231,27,,,0,30,,1244,27,,,0,70,,1216,27,,,0,30,,1232,27,,,0,70,,1235,27,,,0,30,,1217,27,,,0,70,,1233,27,,,0
901,'72',635,,1287,26,,,0,70,,1271,26,,,0,30,,1280,26,,,0,70,,1294,26,,,0,30,,1272,26,,,0,70,,1281,26,,,0,30,,1295,26,,,0,70,,1273,26,,,0,30,,1279,26,,,0,70,,1289,26,,,0,30,,1274,26,,,0,70,,1282,26,,,0,30,,1290,26,,,0,70,,1275,26,,,0,30,,1285,26,,,0,70,,1291,26,,,0,30,,1278,26,,,0,70,,1286,26,,,0,30,,1292,26,,,0,70,,1276,26,,,0,30,,1283,26,,,0,70,,1293,26,,,0,30,,1277,26,,,0,70,,1284,26,,,0,30,,1288,26,,,0
2000,'70',811,,1455,3,,,0,100,,1456,3,,,0,100,,1438,3,,,0,100,,1439,3,,,0,100,,1451,3,,,0,100,,1452,3,,,0,100,,1453,3,,,0,100,,1454,3,,,0,100,,1449,3,,,0,100,,1450,3,,,0
2000,'72',611,,1473,3,,,0,100,,1474,3,,,0,100,,1475,3,,,0,100,,1476,3,,,0,100,,1477,3,,,0,100,,1478,3,,,0,100,,1469,3,,,0,100,,1470,3,,,0,100,,1471,3,,,0,100,,1472,3,,,0,100,,1479,3,,,0,100,,1480,3,,,0,100,,1481,3,,,0
2300,'70',820,,1527,35,,,0,100,,1528,35,,,0,100,,1529,35,,,0,100,,1530,35,,,0,100,,1531,35,,,0,100,,1523,35,,,0,100,,1524,35,,,0,100,,1525,35,,,0,100,,1526,35,,,0,100,,1522,35,,,0
2300,'72',650,,1547,35,,,0,70,,1533,35,,,0,30,,1548,35,,,0,70,,1534,35,,,0,30,,1555,35,,,0,70,,1535,35,,,0,30,,1549,35,,,0,70,,1536,35,,,0,30,,1550,35,,,0,70,,1537,35,,,0,30,,1551,35,,,0,70,,1538,35,,,0,30,,1556,35,,,0,70,,1539,35,,,0,30,,1557,35,,,0,70,,1540,35,,,0,30,,1558,35,,,0,70,,1541,35,,,0,30,,1552,35,,,0,70,,1542,35,,,0,30,,1553,35,,,0,70,,1543,35,,,0,30,,1554,35,,,0,70,,1544,35,,,0,100,,1545,35,,,0,100,,1546,35,,,0
3301,'72',650,,1700,3,0,9 1 26,0,100,,1701,3,0,9 1 26,0,100,,1702,3,0,9 1 26,0,700,,1703,3,0,9 1 26,0,100,,1704,3,0,9 1 26,0,100,,1699,3,0,9 1 26,0
3501,'72',637,,1717,3,0,27 28,0,20,,1724,3,0,27 28,0,60,,1718,3,0,27 28,0,20,,1725,3,0,27 28,0,20,,1719,3,0,27 28,0,60,,1726,3,0,27 28,0,20,,1720,3,0,27 28,0,700,,1721,3,0,27 28,0,20,,1728,3,0,27 28,0,60,,1722,3,0,27 28,0,20,,1727,3,0,27 28,0,20,,1723,3,0,27 28,0
5200,'72',636,,1731,3,,,0,110,,1732,3,,,0,860,,1729,3,,,0,110,,1730,3,,,0
