101,'1',630,,136,13,,,0,70,,108,13,,,0,15,,131,13,,,0,15,,103,13,,,0,15,,125,13,,,0,55,,135,13,,,0,15,,117,13,,,0,15,,107,13,,,0,15,,105,13,,,0,55,,142,13,,,0,15,,106,13,,,0,15,,130,13,,,0,15,,147,13,,,0,55,,116,13,,,0,30,,118,13,,,0,70,,139,13,,,0,30,,124,13,,,0,70,,102,13,,,0,30,,101,13,,,0,70,,128,13,,,0,30,,138,13,,,0,70,,126,13,,,0,30,,134,13,,,0,70,,120,13,,,0,30,,114,13,,,0,15,,123,13,,,0,55,,140,13,,,0,15,,137,13,,,0,15,,145,13,,,0,15,,109,13,,,0,55,,132,13,,,0,15,,141,13,,,0,15,,119,13,,,0,15,,110,13,0,18 19,0,55,,143,13,,,0,15,,144,13,0,18 19,0,15,,104,13,,,0,70,,115,13,,,0,30,,129,13,,,0,70,,127,13,,,0,30,,111,13,,,0,70,,112,13,,,0,30,,122,13,,,0,70,,133,13,,,0,30,,121,13,0,18 19,0,70,,113,13,0,18 19,0,30,,146,13,0,18 19,0
101,'2',700,,155,13,,,0,30,,151,13,,,0,70,,178,13,,,0,30,,153,13,,,0,70,,158,13,,,0,30,,166,13,,,0,70,,154,13,,,0,30,,172,13,,,0,70,,171,13,,,0,30,,163,13,,,0,70,,159,13,,,0,30,,157,13,,,0,70,,156,13,,,0,30,,176,13,,,0,70,,162,13,,,0,30,,175,13,,,0,70,,160,13,,,0,30,,149,13,,,0,70,,173,13,,,0,30,,170,13,,,0,70,,150,13,,,0,30,,152,13,,,0,70,,165,13,,,0,30,,164,13,,,0,70,,177,13,,,0,30,,167,13,,,0,70,,148,13,,,0,30,,179,13,,,0,70,,169,13,,,0,30,,161,13,,,0,70,,174,13,0,18 19,0,30,,168,13,0,18 19,0
101,'3',800,,200,13,,,0,30,,186,13,,,0,70,,184,13,,,0,30,,189,13,,,0,70,,195,13,,,0,30,,181,13,,,0,70,,185,13,,,0,30,,183,13,,,0,70,,201,13,,,0,30,,182,13,,,0,70,,194,13,,,0,30,,180,13,,,0,70,,191,13,,,0,30,,197,13,,,0,70,,187,13,,,0,30,,188,13,,,0,70,,196,13,,,0,30,,198,13,,,0,70,,190,13,,,0,30,,193,13,,,0,70,,192,13,0,18 19,0,30,,199,13,0,18 19,0
301,'1',616,,310,22,,,0,30,,303,22,,,0,70,,292,22,,,0,30,,326,22,,,0,70,,301,22,,,0,30,,323,22,,,0,70,,293,22,,,0,30,,313,22,,,0,70,,311,22,,,0,30,,296,22,,,0,70,,315,22,,,0,30,,325,22,,,0,70,,321,22,,,0,30,,297,22,,,0,70,,294,22,,,0,30,,306,22,,,0,70,,309,22,,,0,30,,305,22,,,0,70,,304,22,,,0,30,,308,22,,,0,70,,320,22,,,0,30,,300,22,,,0,70,,324,22,,,0,30,,322,22,,,0,70,,295,22,,,0,30,,319,22,,,0,70,,312,22,,,0,30,,327,22,,,0,70,,316,22,,,0,30,,307,22,,,0,70,,298,22,,,0,30,,314,22,,,0,70,,299,22,,,0,30,,302,22,,,0,70,,318,22,,,0,30,,317,22,0,20 21,0
301,'2',716,,353,22,,,0,30,,350,22,,,0,70,,331,22,,,0,30,,352,22,,,0,70,,357,22,,,0,30,,347,22,,,0,70,,338,22,,,0,30,,356,22,,,0,70,,343,22,,,0,30,,345,22,,,0,70,,328,22,,,0,30,,335,22,,,0,70,,330,22,,,0,30,,351,22,,,0,70,,339,22,,,0,30,,342,22,,,0,70,,341,22,,,0,30,,332,22,,,0,70,,336,22,,,0,30,,329,22,,,0,70,,333,22,,,0,30,,359,22,,,0,70,,340,22,,,0,30,,334,22,,,0,70,,358,22,,,0,30,,355,22,,,0,70,,348,22,,,0,30,,349,22,,,0,70,,354,22,,,0,30,,337,22,,,0,70,,346,22,,,0,30,,344,22,,,0
301,'3',746,,380,22,,,0,70,,378,22,,,0,30,,371,22,,,0,70,,372,22,,,0,30,,379,22,,,0,70,,366,22,,,0,30,,367,22,,,0,70,,376,22,,,0,30,,373,22,,,0,70,,382,22,,,0,30,,375,22,,,0,70,,381,22,,,0,30,,365,22,,,0,70,,362,22,,,0,30,,364,22,,,0,70,,360,22,,,0,30,,361,22,,,0,70,,363,22,,,0,30,,374,22,,,0,70,,370,22,,,0,30,,369,22,,,0,70,,368,22,,,0,30,,377,22,,,0
901,'1',700,,417,19,,,0,30,,408,19,,,0,70,,410,19,,,0,30,,429,19,,,0,70,,416,19,,,0,30,,418,19,,,0,70,,428,19,,,0,30,,425,19,,,0,70,,423,19,,,0,30,,415,19,,,0,70,,409,19,,,0,30,,421,19,,,0,70,,411,19,,,0,30,,413,19,,,0,70,,412,19,,,0,30,,414,19,,,0,70,,422,19,,,0,30,,420,19,,,0,70,,426,19,,,0,30,,424,19,,,0,70,,431,19,,,0,30,,419,19,,,0,70,,427,19,,,0,30,,430,19,,,0
1501,'1',635,,527,25,,,0,70,,525,29,,,0,30,,530,29,,,0,70,,513,29,,,0,30,,535,29,,,0,70,,516,29,,,0,30,,524,29,,,0,70,,537,29,,,0,30,,526,29,,,0,70,,519,29,,,0,30,,534,29,,,0,70,,529,29,,,0,30,,531,29,,,0,70,,517,29,,,0,30,,521,29,,,0,70,,509,29,,,0,30,,523,29,,,0,70,,510,29,,,0,30,,515,29,,,0,70,,514,29,,,0,30,,522,29,,,0,70,,518,29,,,0,30,,532,29,,,0,70,,511,29,,,0,30,,512,29,,,0,70,,536,29,,,0,100,,533,29,,,0,100,,528,29,,,0,100,,508,29,,,0,100,,520,29,,,0
1501,'2',705,,544,25,,,0,100,,552,29,,,0,100,,547,29,,,0,100,,542,29,,,0,100,,551,29,,,0,30,,558,29,,,0,70,,543,29,,,0,30,,557,29,,,0,70,,549,29,,,0,30,,540,29,,,0,70,,541,29,,,0,30,,546,29,,,0,70,,550,29,,,0,30,,555,29,,,0,70,,539,29,,,0,30,,548,29,,,0,70,,561,29,,,0,30,,554,29,,,0,70,,553,29,,,0,30,,538,29,,,0,70,,560,29,,,0,100,,559,29,,,0,100,,545,29,,,0,100,,556,29,,,0
1501,'3',805,,565,25,,,0,100,,572,29,,,0,100,,566,29,,,0,100,,562,29,,,0,100,,569,29,,,0,100,,563,29,,,0,100,,571,29,,,0,100,,564,29,,,0,100,,568,29,,,0,100,,570,29,,,0,100,,567,29,,,0
2309,'1',645,,673,30,,,0,70,,663,30,,,0,30,,678,30,,,0,70,,669,30,,,0,30,,658,30,,,0,70,,661,30,,,0,30,,677,30,,,0,70,,675,30,,,0,30,,672,30,,,0,70,,681,30,,,0,30,,682,30,,,0,70,,660,30,,,0,30,,659,30,,,0,70,,662,30,,,0,30,,668,30,,,0,70,,671,30,,,0,30,,674,30,,,0,70,,684,30,,,0,30,,666,30,,,0,70,,667,30,,,0,30,,670,30,,,0,70,,680,30,,,0,30,,683,30,,,0,70,,664,30,,,0,100,,676,30,,,0,100,,679,30,,,0,100,,665,30,,,0
2309,'2',815,,685,30,,,0,100,,694,30,,,0,100,,687,30,,,0,100,,693,30,,,0,100,,692,30,,,0,100,,690,30,,,0,100,,695,30,,,0,100,,691,30,,,0,100,,686,30,,,0,100,,689,30,,,0,100,,688,30,,,0
