100,'70',635,,873,1,,,0,70,,884,1,,,0,30,,891,4,,,0,70,,865,4,,,0,30,,882,4,,,0,70,,892,4,,,0,30,,866,4,,,0,70,,883,4,,,0,30,,887,4,,,0,70,,867,4,,,0,30,,874,4,,,0,70,,888,4,,,0,30,,868,4,,,0,70,,875,4,,,0,30,,889,4,,,0,70,,869,4,,,0,30,,876,4,,,0,70,,885,4,,,0,30,,863,4,,,0,70,,877,4,,,0,30,,886,4,,,0,70,,864,4,,,0,30,,878,4,,,0,70,,890,4,,,0,30,,870,4,,,0,70,,879,4,,,0,30,,893,4,,,0,70,,871,4,,,0,30,,880,4,,,0,70,,894,4,,,0,30,,872,4,,,0,70,,881,4,,,0
100,'71',735,,910,1,,,0,70,,900,1,,,0,30,,902,4,,,0,70,,912,4,,,0,30,,901,4,,,0,70,,903,4,,,0,30,,916,4,,,0,70,,895,4,,,0,30,,904,4,,,0,70,,909,4,,,0,30,,896,4,,,0,70,,905,4,,,0,30,,913,4,,,0,70,,897,4,,,0,30,,906,4,,,0,70,,914,4,,,0,30,,898,4,,,0,70,,907,4,,,0,30,,915,4,,,0,70,,899,4,,,0,30,,908,4,,,0,70,,911,4,,,0
100,'72',605,,943,1,,,0,30,,927,1,,,0,15,,956,1,,,0,55,,933,4,,,0,15,,958,4,,,0,15,,949,4,,,0,15,,951,4,,,0,55,,917,4,,,0,15,,954,4,,,0,15,,928,4,,,0,15,,959,4,,,0,55,,950,4,,,0,30,,921,4,,,0,70,,929,4,,,0,30,,942,4,,,0,70,,922,4,,,0,30,,934,4,,,0,70,,940,4,,,0,30,,923,4,,,0,70,,935,4,,,0,30,,939,4,,,0,70,,924,4,,,0,30,,936,4,,,0,15,,962,1,,,0,55,,945,4,,,0,15,,953,1,,,0,15,,925,4,,,0,15,,957,1,,,0,55,,937,4,,,0,15,,960,4,,,0,15,,946,4,,,0,15,,952,4,,,0,55,,926,4,,,0,15,,955,4,,,0,15,,930,4,,,0,15,,961,4,,,0,55,,947,4,,,0,30,,918,4,,,0,70,,931,4,,,0,30,,948,4,,,0,70,,919,4,,,0,30,,932,4,,,0,70,,941,4,,,0,30,,920,4,,,0,70,,938,4,,,0,30,,944,4,,,0
101,'70',725,,991,45,,,0,30,,965,45,,,0,70,,980,45,,,0,30,,992,45,,,0,70,,966,45,,,0,30,,981,45,,,0,70,,993,45,,,0,30,,967,45,,,0,70,,982,45,,,0,30,,990,45,,,0,70,,968,45,,,0,30,,974,45,,,0,70,,994,45,,,0,30,,969,45,,,0,70,,975,45,,,0,30,,984,45,,,0,70,,963,45,,,0,30,,976,45,,,0,70,,985,45,,,0,30,,970,45,,,0,70,,977,45,,,0,30,,987,45,,,0,70,,971,45,,,0,30,,978,45,,,0,70,,988,45,,,0,30,,972,45,,,0,70,,983,45,,,0,30,,989,45,,,0,70,,973,45,,,0,30,,979,45,,,0,70,,986,45,4,,0,30,,964,45,4,,0
101,'71',825,,1003,45,,,0,30,,1013,45,,,0,70,,997,45,,,0,30,,1004,45,,,0,70,,1012,45,,,0,30,,998,45,,,0,70,,1005,45,,,0,30,,1010,45,,,0,70,,999,45,,,0,30,,1006,45,,,0,70,,1011,45,,,0,30,,996,45,,,0,70,,1007,45,,,0,30,,1015,45,,,0,70,,1000,45,,,0,30,,1008,45,,,0,70,,1016,45,,,0,30,,1001,45,,,0,70,,1009,45,,,0,30,,1014,45,,,0,70,,995,45,4,,0,30,,1002,45,4,,0
101,'72',655,,1034,45,,,0,55,,1063,45,,,0,15,,1049,45,,,0,15,,1054,45,,,0,15,,1023,45,,,0,55,,1057,45,,,0,15,,1035,45,,,0,15,,1064,45,,,0,15,,1050,45,,,0,55,,1052,45,,,0,15,,1022,45,,,0,15,,1058,45,,,0,15,,1036,45,,,0,55,,1061,45,,,0,15,,1041,45,,,0,30,,1024,45,,,0,70,,1037,45,,,0,30,,1042,45,,,0,70,,1025,45,,,0,30,,1038,45,,,0,70,,1043,45,,,0,30,,1026,45,,,0,70,,1039,45,,,0,30,,1044,45,,,0,70,,1018,45,,,0,30,,1028,45,,,0,55,,1062,45,,,0,15,,1045,45,,,0,15,,1055,45,,,0,15,,1027,45,,,0,55,,1059,45,,,0,15,,1030,45,,,0,15,,1060,45,,,0,15,,1046,45,,,0,55,,1053,45,4,,0,15,,1019,45,,,0,15,,1056,45,4,,0,15,,1032,45,,,0,70,,1047,45,,,0,30,,1020,45,,,0,70,,1033,45,,,0,30,,1048,45,,,0,70,,1021,45,,,0,30,,1029,45,,,0,70,,1051,45,,,0,30,,1017,45,4,,0,70,,1031,45,4,,0,30,,1040,45,4,,0
300,'70',620,,1086,1,,,0,30,,1065,1,,,0,70,,1079,1,,,0,30,,1087,1,,,0,70,,1066,1,,,0,30,,1080,1,,,0,70,,1088,1,,,0,30,,1067,1,,,0,70,,1081,1,,,0,30,,1096,1,,,0,70,,1068,1,,,0,30,,1077,1,,,0,70,,1090,1,,,0,30,,1069,1,,,0,70,,1078,1,,,0,30,,1095,1,,,0,70,,1070,1,,,0,30,,1083,1,,,0,70,,1089,1,,,0,30,,1071,1,,,0,70,,1084,1,,,0,30,,1091,1,,,0,70,,1072,1,,,0,30,,1082,1,,,0,70,,1092,1,,,0,30,,1073,1,,,0,70,,1085,1,,,0,30,,1093,1,,,0,70,,1074,1,,,0,30,,1076,1,,,0,70,,1094,1,,,0,30,,1075,1,,,0
300,'71',720,,1111,1,,,0,30,,1119,1,,,0,70,,1099,1,,,0,30,,1104,1,,,0,70,,1115,1,,,0,30,,1098,1,,,0,70,,1105,1,,,0,30,,1113,1,,,0,70,,1100,1,,,0,30,,1106,1,,,0,70,,1114,1,,,0,30,,1101,1,,,0,70,,1107,1,,,0,30,,1117,1,,,0,70,,1102,1,,,0,30,,1108,1,,,0,70,,1118,1,,,0,30,,1103,1,,,0,70,,1109,1,,,0,30,,1112,1,,,0,70,,1097,1,,,0,30,,1110,1,,,0,70,,1116,1,0,14 15,0
300,'72',550,,1141,1,,,0,70,,1154,1,,,0,30,,1128,1,,,0,70,,1142,1,,,0,30,,1149,1,,,0,70,,1125,1,,,0,30,,1137,1,,,0,70,,1144,1,,,0,30,,1126,1,,,0,70,,1131,1,,,0,30,,1150,1,,,0,70,,1127,1,,,0,30,,1138,1,,,0,70,,1145,1,,,0,30,,1120,1,,,0,70,,1132,1,,,0,30,,1146,1,,,0,70,,1121,1,,,0,30,,1133,1,,,0,70,,1147,1,,,0,30,,1122,1,,,0,70,,1134,1,,,0,30,,1148,1,,,0,70,,1123,1,,,0,30,,1139,1,,,0,70,,1143,1,,,0,30,,1124,1,,,0,70,,1136,1,,,0,30,,1152,1,,,0,70,,1129,1,,,0,30,,1140,1,,,0,70,,1153,1,,,0,30,,1130,1,,,0,70,,1135,1,,,0,30,,1151,1,,,0
301,'70',740,,1183,55,4,,0,70,,1162,55,4,,0,30,,1166,55,4,,0,70,,1184,55,4,,0,30,,1155,55,4,,0,70,,1167,55,4,,0,30,,1185,55,4,,0,70,,1156,55,4,,0,30,,1168,55,4,,0,70,,1186,55,4,,0,30,,1157,55,4,,0,70,,1172,55,4,,0,30,,1176,55,4,,0,70,,1158,55,4,,0,30,,1173,55,4,,0,70,,1177,55,4,,0,30,,1159,55,4,,0,70,,1174,55,4,,0,30,,1178,55,4,,0,70,,1160,55,4,,0,30,,1175,55,4,,0,70,,1179,55,4,,0,30,,1161,55,4,,0,70,,1169,55,4,,0,30,,1180,55,4,,0,70,,1163,55,4,,0,30,,1170,55,4,,0,70,,1181,55,4,,0,30,,1164,55,4,,0,70,,1171,55,4,,0,30,,1182,55,4,,0,70,,1165,55,4,,0
301,'71',810,,1187,55,4,,0,30,,1195,55,4,,0,70,,1209,55,4,,0,30,,1188,55,4,,0,70,,1196,55,4,,0,30,,1203,55,4,,0,70,,1189,55,4,,0,30,,1197,55,4,,0,70,,1204,55,4,,0,30,,1190,55,4,,0,70,,1198,55,4,,0,30,,1205,55,4,,0,70,,1191,55,4,,0,30,,1199,55,4,,0,70,,1206,55,4,,0,30,,1192,55,4,,0,70,,1200,55,4,,0,30,,1207,55,4,,0,70,,1193,55,4,,0,30,,1201,55,4,,0,70,,1208,55,4,,0,30,,1194,55,4,,0,70,,1202,55,4,,0
301,'72',640,,1221,55,4,,0,70,,1222,55,4,,0,30,,1238,55,4,,0,70,,1218,55,4,,0,30,,1223,55,4,,0,70,,1239,55,4,,0,30,,1219,55,4,,0,70,,1224,55,4,,0,30,,1240,55,4,,0,70,,1220,55,4,,0,30,,1225,55,4,,0,70,,1236,55,4,,0,30,,1210,55,4,,0,70,,1226,55,4,,0,30,,1237,55,4,,0,70,,1211,55,4,,0,30,,1227,55,4,,0,70,,1234,55,4,,0,30,,1212,55,4,,0,70,,1228,55,4,,0,30,,1241,55,4,,0,70,,1213,55,4,,0,30,,1229,55,4,,0,70,,1242,55,4,,0,30,,1214,55,4,,0,70,,1230,55,4,,0,30,,1243,55,4,,0,70,,1215,55,4,,0,30,,1231,55,4,,0,70,,1244,55,4,,0,30,,1216,55,4,,0,70,,1232,55,4,,0,30,,1235,55,4,,0,70,,1217,55,4,,0,30,,1233,55,4,,0
900,'72',605,,1246,1,,,0,30,,1262,1,,,0,70,,1268,1,,,0,30,,1247,1,,,0,70,,1255,1,,,0,30,,1263,1,,,0,70,,1248,1,,,0,30,,1256,1,,,0,70,,1264,1,,,0,30,,1249,1,,,0,70,,1257,1,,,0,30,,1265,1,,,0,70,,1250,1,,,0,30,,1258,1,,,0,70,,1266,1,,,0,30,,1251,1,,,0,70,,1259,1,,,0,30,,1267,1,,,0,70,,1252,1,,,0,30,,1260,1,,,0,70,,1269,1,,,0,30,,1253,1,,,0,70,,1261,1,,,0,30,,1270,1,,,0,70,,1254,1,,,0
901,'72',655,,1287,54,4,,0,70,,1271,54,4,,0,30,,1280,54,4,,0,70,,1294,54,4,,0,30,,1272,54,4,,0,70,,1281,54,4,,0,30,,1295,54,4,,0,70,,1273,54,4,,0,30,,1279,54,4,,0,70,,1289,54,4,,0,30,,1274,54,4,,0,70,,1282,54,4,,0,30,,1290,54,4,,0,70,,1275,54,4,,0,30,,1285,54,4,,0,70,,1291,54,4,,0,30,,1278,54,4,,0,70,,1286,54,4,,0,30,,1292,54,4,,0,70,,1276,54,4,,0,30,,1283,54,4,,0,70,,1293,54,4,,0,30,,1277,54,4,,0,70,,1284,54,4,,0,30,,1288,54,4,,0
3000,'70',810,,1582,1,,,0,24,,1582,42,4,,0,76,,1583,1,,,0,24,,1583,42,4,,0,76,,1584,1,,,0,24,,1584,42,4,,0,76,,1585,1,,,0,24,,1585,42,4,,0,76,,1586,1,,,0,25,,1586,42,4,,0,75,,1587,1,,,0,25,,1587,42,4,,0,75,,1588,1,,,0,25,,1588,42,4,,0,75,,1589,1,,,0,25,,1589,42,4,,0,75,,1590,1,,,0,25,,1590,42,4,,0,75,,1591,1,,,0,25,,1591,42,4,,0,75,,1592,1,,,0,25,,1592,42,4,,0
3000,'71',810,,1593,1,,,0,24,,1593,42,4,,0,76,,1594,1,,,0,24,,1594,42,4,,0,76,,1595,1,,,0,24,,1595,42,4,,0,76,,1596,1,,,0,24,,1596,42,4,,0,76,,1597,1,,,0,25,,1597,42,4,,0,75,,1598,1,,,0,25,,1598,42,4,,0,75,,1599,1,,,0,25,,1599,42,4,,0,75,,1600,1,,,0,25,,1600,42,4,,0,75,,1601,1,,,0,25,,1601,42,4,,0,75,,1602,1,,,0,25,,1602,42,4,,0,75,,1603,1,,,0,25,,1603,42,4,,0
3000,'72',610,,1623,1,,,0,24,,1623,42,4,,0,6,,1605,1,,,0,64,,1605,42,4,,0,6,,1624,1,,,0,24,,1624,42,4,,0,6,,1606,1,,,0,64,,1606,42,4,,0,6,,1625,1,,,0,24,,1625,42,4,,0,6,,1607,1,,,0,64,,1607,42,4,,0,6,,1626,1,,,0,24,,1626,42,4,,0,6,,1608,1,,,0,64,,1608,42,4,,0,6,,1627,1,,,0,24,,1627,42,4,,0,6,,1609,1,,,0,64,,1609,42,4,,0,6,,1628,1,,,0,24,,1628,42,4,,0,6,,1610,1,,,0,64,,1610,42,4,,0,6,,1616,1,,,0,25,,1616,42,4,,0,5,,1611,1,,,0,65,,1611,42,4,,0,5,,1617,1,,,0,25,,1617,42,4,,0,5,,1612,1,,,0,65,,1612,42,4,,0,5,,1618,1,,,0,25,,1618,42,4,,0,5,,1613,1,,,0,65,,1613,42,4,,0,5,,1619,1,,,0,25,,1619,42,4,,0,5,,1614,1,,,0,65,,1614,42,4,,0,5,,1630,1,,,0,25,,1630,42,4,,0,5,,1615,1,,,0,65,,1615,42,4,,0,5,,1631,1,,,0,25,,1631,42,4,,0,5,,1604,1,,,0,65,,1604,42,4,,0,5,,1629,1,,,0,25,,1629,42,4,,0,75,,1620,1,,,0,25,,1620,42,4,,0,75,,1622,1,,,0,25,,1622,42,4,,0,75,,1621,1,,,0,25,,1621,42,4,,0
3100,'70',740,,1632,1,,,0,65,,1632,32,4,,0,35,,1633,1,,,0,65,,1633,32,4,,0,35,,1638,1,,,0,65,,1638,32,4,,0,35,,1635,1,,,0,65,,1635,32,4,,0,35,,1636,1,,,0,65,,1636,32,4,,0,35,,1637,1,,,0,65,,1637,32,4,,0,35,,1639,1,,,0,65,,1639,32,4,,0,35,,1640,1,,,0,65,,1640,32,4,,0,35,,1641,1,,,0,65,,1641,32,4,,0,35,,1642,1,,,0,65,,1642,32,4,,0,35,,1643,1,,,0,65,,1643,32,4,,0,35,,1634,1,,,0,65,,1634,32,4,,0
3100,'71',740,,1644,1,,,0,65,,1644,32,4,,0,35,,1645,1,,,0,65,,1645,32,4,,0,35,,1646,1,,,0,65,,1646,32,4,,0,35,,1647,1,,,0,65,,1647,32,4,,0,35,,1648,1,,,0,65,,1648,32,4,,0,35,,1649,1,,,0,65,,1649,32,4,,0,35,,1650,1,,,0,65,,1650,32,4,,0,35,,1651,1,,,0,65,,1651,32,4,,0,35,,1654,1,,,0,65,,1654,32,4,,0,35,,1652,1,,,0,65,,1652,32,4,,0,35,,1653,1,,,0,65,,1653,32,4,,0
3100,'72',610,,1664,1,,,0,25,,1664,32,4,,0,5,,1668,1,,,0,65,,1668,32,4,,0,5,,1665,1,,,0,25,,1665,32,4,,0,5,,1669,1,,,0,65,,1669,32,4,,0,5,,1666,1,,,0,25,,1666,32,4,,0,5,,1670,1,,,0,65,,1670,32,4,,0,5,,1667,1,,,0,25,,1667,32,4,,0,5,,1671,1,,,0,65,,1671,32,4,,0,5,,1658,1,,,0,25,,1658,32,4,,0,5,,1672,1,,,0,65,,1672,32,4,,0,5,,1659,1,,,0,25,,1659,32,4,,0,5,,1678,1,,,0,65,,1678,32,4,,0,5,,1660,1,,,0,25,,1660,32,4,,0,5,,1679,1,,,0,65,,1679,32,4,,0,5,,1661,1,,,0,25,,1661,32,4,,0,5,,1680,1,,,0,65,,1680,32,4,,0,5,,1662,1,,,0,25,,1662,32,4,,0,5,,1681,1,,,0,65,,1681,32,4,,0,5,,1656,1,,,0,25,,1656,32,4,,0,5,,1682,1,,,0,65,,1682,32,4,,0,5,,1657,1,,,0,25,,1657,32,4,,0,5,,1683,1,,,0,65,,1683,32,4,,0,5,,1655,1,,,0,25,,1655,32,4,,0,5,,1673,1,,,0,65,,1673,32,4,,0,5,,1663,1,,,0,25,,1663,32,4,,0,5,,1674,1,,,0,65,,1674,32,4,,0,35,,1675,1,,,0,65,,1675,32,4,,0,35,,1676,1,,,0,65,,1676,32,4,,0,35,,1677,1,,,0,65,,1677,32,4,,0
3200,'72',759,,1684,38,4,,0,100,,1685,38,4,,0,300,,1688,38,4,,0,500,,1686,38,4,,0,100,,1687,38,4,,0
3201,'72',700,,1689,1,0,23 24 1 25,0,100,,1690,1,0,23 24 1 25,0,300,,1693,1,0,23 24 1 25,0,500,,1691,1,0,23 24 1 25,0,100,,1692,1,0,23 24 1 25,0
