100,'1',605,,8,0,,,0,30,,5,0,,,0,15,,16,0,,,0,55,,18,0,,,0,15,,38,0,,,0,15,,24,3,,,0,15,,14,3,,,0,55,,20,3,,,0,15,,6,3,,,0,15,,31,3,,,0,15,,2,3,,,0,55,,40,3,,,0,30,,7,3,,,0,70,,15,3,,,0,30,,35,3,,,0,70,,13,3,,,0,30,,1,3,,,0,70,,22,3,,,0,30,,10,3,,,0,70,,17,3,,,0,30,,26,3,,,0,70,,9,3,,,0,30,,30,3,,,0,15,,44,0,,,0,55,,23,3,,,0,15,,36,0,,,0,15,,25,3,,,0,15,,21,0,,,0,55,,28,3,,,0,15,,43,3,,,0,15,,12,3,,,0,15,,46,3,,,0,55,,32,3,,,0,15,,33,3,,,0,15,,37,3,,,0,15,,4,3,,,0,55,,3,3,,,0,30,,29,3,,,0,70,,45,3,,,0,30,,39,3,,,0,70,,41,3,,,0,30,,11,3,,,0,70,,19,3,,,0,30,,34,3,,,0,70,,27,3,,,0,30,,42,3,,,0
100,'2',635,,59,0,,,0,70,,62,0,,,0,30,,78,3,,,0,70,,60,3,,,0,30,,63,3,,,0,70,,55,3,,,0,30,,52,3,,,0,70,,74,3,,,0,30,,48,3,,,0,70,,53,3,,,0,30,,69,3,,,0,70,,51,3,,,0,30,,50,3,,,0,70,,66,3,,,0,30,,49,3,,,0,70,,77,3,,,0,30,,71,3,,,0,70,,47,3,,,0,30,,67,3,,,0,70,,64,3,,,0,30,,58,3,,,0,70,,73,3,,,0,30,,56,3,,,0,70,,61,3,,,0,30,,57,3,,,0,70,,75,3,,,0,30,,72,3,,,0,70,,76,3,,,0,30,,54,3,,,0,70,,68,3,,,0,30,,65,3,,,0,70,,70,3,,,0
100,'3',735,,97,0,,,0,70,,80,0,,,0,30,,98,3,,,0,70,,85,3,,,0,30,,86,3,,,0,70,,96,3,,,0,30,,95,3,,,0,70,,94,3,,,0,30,,82,3,,,0,70,,88,3,,,0,30,,92,3,,,0,70,,84,3,,,0,30,,91,3,,,0,70,,83,3,,,0,30,,99,3,,,0,70,,90,3,,,0,30,,87,3,,,0,70,,100,3,,,0,30,,79,3,,,0,70,,93,3,,,0,30,,89,3,,,0,70,,81,3,,,0
101,'1',655,,136,45,,,0,70,,108,45,,,0,15,,131,45,,,0,15,,103,45,,,0,55,,125,45,,,0,15,,135,45,,,0,15,,117,45,,,0,15,,107,45,,,0,55,,105,45,,,0,15,,142,45,,,0,15,,106,45,,,0,15,,130,45,,,0,55,,147,45,,,0,15,,116,45,,,0,30,,118,45,,,0,70,,139,45,,,0,30,,124,45,,,0,70,,102,45,,,0,30,,101,45,,,0,70,,128,45,,,0,30,,138,45,,,0,70,,126,45,,,0,30,,134,45,,,0,70,,120,45,,,0,30,,114,45,,,0,55,,123,45,,,0,15,,140,45,,,0,15,,137,45,,,0,15,,145,45,,,0,55,,109,45,,,0,15,,132,45,,,0,15,,141,45,,,0,15,,119,45,,,0,55,,110,45,4,,0,15,,143,45,,,0,15,,144,45,4,,0,15,,104,45,,,0,70,,115,45,,,0,30,,129,45,,,0,70,,127,45,,,0,30,,111,45,,,0,70,,112,45,,,0,30,,122,45,,,0,70,,133,45,,,0,30,,121,45,4,,0,70,,113,45,4,,0,30,,146,45,4,,0
101,'2',725,,155,45,,,0,30,,151,45,,,0,70,,178,45,,,0,30,,153,45,,,0,70,,158,45,,,0,30,,166,45,,,0,70,,154,45,,,0,30,,172,45,,,0,70,,171,45,,,0,30,,163,45,,,0,70,,159,45,,,0,30,,157,45,,,0,70,,156,45,,,0,30,,176,45,,,0,70,,162,45,,,0,30,,175,45,,,0,70,,160,45,,,0,30,,149,45,,,0,70,,173,45,,,0,30,,170,45,,,0,70,,150,45,,,0,30,,152,45,,,0,70,,165,45,,,0,30,,164,45,,,0,70,,177,45,,,0,30,,167,45,,,0,70,,148,45,,,0,30,,179,45,,,0,70,,169,45,,,0,30,,161,45,,,0,70,,174,45,4,,0,30,,168,45,4,,0
101,'3',825,,200,45,,,0,30,,186,45,,,0,70,,184,45,,,0,30,,189,45,,,0,70,,195,45,,,0,30,,181,45,,,0,70,,185,45,,,0,30,,183,45,,,0,70,,201,45,,,0,30,,182,45,,,0,70,,194,45,,,0,30,,180,45,,,0,70,,191,45,,,0,30,,197,45,,,0,70,,187,45,,,0,30,,188,45,,,0,70,,196,45,,,0,30,,198,45,,,0,70,,190,45,,,0,30,,193,45,,,0,70,,192,45,4,,0,30,,199,45,4,,0
300,'1',550,,212,0,,,0,70,,202,0,,,0,30,,217,0,,,0,70,,218,0,,,0,30,,207,0,,,0,70,,206,0,,,0,30,,209,0,,,0,70,,232,0,,,0,30,,211,0,,,0,70,,223,0,,,0,30,,224,0,,,0,70,,227,0,,,0,30,,230,0,,,0,70,,222,0,,,0,30,,221,0,,,0,70,,235,0,,,0,30,,231,0,,,0,70,,203,0,,,0,30,,215,0,,,0,70,,233,0,,,0,30,,205,0,,,0,70,,204,0,,,0,30,,219,0,,,0,70,,208,0,,,0,30,,229,0,,,0,70,,236,0,,,0,30,,226,0,,,0,70,,216,0,,,0,30,,234,0,,,0,70,,220,0,,,0,30,,213,0,,,0,70,,225,0,,,0,30,,214,0,,,0,70,,210,0,,,0,30,,228,0,,,0
300,'2',620,,237,0,,,0,30,,248,0,,,0,70,,266,0,,,0,30,,255,0,,,0,70,,250,0,,,0,30,,251,0,,,0,70,,241,0,,,0,30,,264,0,,,0,70,,244,0,,,0,30,,267,0,,,0,70,,259,0,,,0,30,,243,0,,,0,70,,254,0,,,0,30,,246,0,,,0,70,,252,0,,,0,30,,268,0,,,0,70,,240,0,,,0,30,,245,0,,,0,70,,256,0,,,0,30,,242,0,,,0,70,,249,0,,,0,30,,265,0,,,0,70,,257,0,,,0,30,,261,0,,,0,70,,239,0,,,0,30,,260,0,,,0,70,,263,0,,,0,30,,262,0,,,0,70,,253,0,,,0,30,,238,0,,,0,70,,258,0,,,0,30,,247,0,,,0
300,'3',720,,273,0,,,0,30,,284,0,,,0,70,,291,0,,,0,30,,281,0,,,0,70,,279,0,,,0,30,,289,0,,,0,70,,271,0,,,0,30,,287,0,,,0,70,,283,0,,,0,30,,280,0,,,0,70,,282,0,,,0,30,,276,0,,,0,70,,288,0,,,0,30,,286,0,,,0,70,,274,0,,,0,30,,290,0,,,0,70,,278,0,,,0,30,,275,0,,,0,70,,277,0,,,0,30,,272,0,,,0,70,,285,0,,,0,30,,270,0,,,0,70,,269,0,,,0
301,'1',640,,310,55,4,,0,70,,303,55,4,,0,30,,292,55,4,,0,70,,326,55,4,,0,30,,301,55,4,,0,70,,323,55,4,,0,30,,293,55,4,,0,70,,313,55,4,,0,30,,311,55,4,,0,70,,296,55,4,,0,30,,315,55,4,,0,70,,325,55,4,,0,30,,321,55,4,,0,70,,297,55,4,,0,30,,294,55,4,,0,70,,306,55,4,,0,30,,309,55,4,,0,70,,305,55,4,,0,30,,304,55,4,,0,70,,308,55,4,,0,30,,320,55,4,,0,70,,300,55,4,,0,30,,324,55,4,,0,70,,322,55,4,,0,30,,295,55,4,,0,70,,319,55,4,,0,30,,312,55,4,,0,70,,327,55,4,,0,30,,316,55,4,,0,70,,307,55,4,,0,30,,298,55,4,,0,70,,314,55,4,,0,30,,299,55,4,,0,70,,302,55,4,,0,30,,318,55,4,,0
301,'2',740,,353,55,4,,0,70,,350,55,4,,0,30,,331,55,4,,0,70,,352,55,4,,0,30,,357,55,4,,0,70,,347,55,4,,0,30,,338,55,4,,0,70,,356,55,4,,0,30,,343,55,4,,0,70,,345,55,4,,0,30,,328,55,4,,0,70,,335,55,4,,0,30,,330,55,4,,0,70,,351,55,4,,0,30,,339,55,4,,0,70,,342,55,4,,0,30,,341,55,4,,0,70,,332,55,4,,0,30,,336,55,4,,0,70,,329,55,4,,0,30,,333,55,4,,0,70,,359,55,4,,0,30,,340,55,4,,0,70,,334,55,4,,0,30,,358,55,4,,0,70,,355,55,4,,0,30,,348,55,4,,0,70,,349,55,4,,0,30,,354,55,4,,0,70,,337,55,4,,0,30,,346,55,4,,0,70,,344,55,4,,0
301,'3',810,,380,55,4,,0,30,,378,55,4,,0,70,,371,55,4,,0,30,,372,55,4,,0,70,,379,55,4,,0,30,,366,55,4,,0,70,,367,55,4,,0,30,,376,55,4,,0,70,,373,55,4,,0,30,,382,55,4,,0,70,,375,55,4,,0,30,,381,55,4,,0,70,,365,55,4,,0,30,,362,55,4,,0,70,,364,55,4,,0,30,,360,55,4,,0,70,,361,55,4,,0,30,,363,55,4,,0,70,,374,55,4,,0,30,,370,55,4,,0,70,,369,55,4,,0,30,,368,55,4,,0,70,,377,55,4,,0
900,'1',605,,404,0,,,0,30,,402,0,,,0,70,,405,0,,,0,30,,392,0,,,0,70,,406,0,,,0,30,,396,0,,,0,70,,400,0,,,0,30,,391,0,,,0,70,,407,0,,,0,30,,387,0,,,0,70,,384,0,,,0,30,,386,0,,,0,70,,388,0,,,0,30,,403,0,,,0,70,,389,0,,,0,30,,394,0,,,0,70,,383,0,,,0,30,,397,0,,,0,70,,393,0,,,0,30,,395,0,,,0,70,,399,0,,,0,30,,390,0,,,0,70,,401,0,,,0,30,,398,0,,,0,70,,385,0,,,0
901,'1',725,,417,53,4,,0,30,,408,53,4,,0,70,,410,53,4,,0,30,,429,53,4,,0,70,,416,53,4,,0,30,,418,53,4,,0,70,,428,53,4,,0,30,,425,53,4,,0,70,,423,53,4,,0,30,,415,53,4,,0,70,,409,53,4,,0,30,,421,53,4,,0,70,,411,53,4,,0,30,,413,53,4,,0,70,,412,53,4,,0,30,,414,53,4,,0,70,,422,53,4,,0,30,,420,53,4,,0,70,,426,53,4,,0,30,,424,53,4,,0,70,,431,53,4,,0,30,,419,53,4,,0,70,,427,53,4,,0,30,,430,53,4,,0
3009,'1',610,,742,0,0,8 2 9 10,0,25,,742,44,4,,0,5,,740,0,0,8 2 9 10,0,65,,740,44,4,,0,5,,721,0,0,8 2 9 10,0,25,,721,44,4,,0,5,,736,0,0,8 2 9 10,0,65,,736,44,4,,0,5,,746,0,0,8 2 9 10,0,25,,746,44,4,,0,5,,724,0,0,8 2 9 10,0,65,,724,44,4,,0,5,,725,0,0,8 2 9 10,0,25,,725,44,4,,0,5,,727,0,0,8 2 9 10,0,65,,727,44,4,,0,5,,741,0,0,8 2 9 10,0,25,,741,44,4,,0,5,,734,0,0,8 2 9 10,0,65,,734,44,4,,0,5,,719,0,0,8 2 9 10,0,25,,719,44,4,,0,5,,739,0,0,8 2 9 10,0,65,,739,44,4,,0,5,,735,0,0,11 2 9 10,0,25,,735,44,4,,0,5,,733,0,0,11 2 9 10,0,65,,733,44,4,,0,5,,726,0,0,11 2 9 10,0,25,,726,44,4,,0,5,,723,0,0,11 2 9 10,0,65,,723,44,4,,0,5,,731,0,0,11 2 9 10,0,25,,731,44,4,,0,5,,732,0,0,11 2 9 10,0,65,,732,44,4,,0,5,,745,0,0,11 2 9 10,0,25,,745,44,4,,0,5,,738,0,0,11 2 9 10,0,65,,738,44,4,,0,5,,730,0,0,11 2 9 10,0,25,,730,44,4,,0,5,,744,0,0,11 2 9 10,0,65,,744,44,4,,0,5,,737,0,0,11 2 9 10,0,25,,737,44,4,,0,5,,743,0,0,11 2 9 10,0,65,,743,44,4,,0,5,,729,0,0,11 2 9 10,0,25,,729,44,4,,0,75,,720,0,0,11 2 9 10,0,25,,720,44,4,,0,75,,722,0,0,11 2 9 10,0,25,,722,44,4,,0,75,,728,0,0,11 2 9 10,0,25,,728,44,4,,0
3009,'2',810,,752,0,0,8 2 9 10,0,25,,752,44,4,,0,75,,755,0,0,8 2 9 10,0,25,,755,44,4,,0,75,,747,0,0,8 2 9 10,0,25,,747,44,4,,0,75,,751,0,0,8 2 9 10,0,25,,751,44,4,,0,75,,754,0,0,11 2 9 10,0,25,,754,44,4,,0,75,,753,0,0,11 2 9 10,0,25,,753,44,4,,0,75,,756,0,0,11 2 9 10,0,25,,756,44,4,,0,75,,757,0,0,11 2 9 10,0,25,,757,44,4,,0,75,,748,0,0,11 2 9 10,0,25,,748,44,4,,0,75,,750,0,0,11 2 9 10,0,25,,750,44,4,,0,75,,749,0,0,11 2 9 10,0,25,,749,44,4,,0
3009,'3',810,,768,0,0,8 2 9 10,0,25,,768,44,4,,0,75,,761,0,0,8 2 9 10,0,25,,761,44,4,,0,75,,765,0,0,8 2 9 10,0,25,,765,44,4,,0,75,,760,0,0,8 2 9 10,0,25,,760,44,4,,0,75,,759,0,0,11 2 9 10,0,25,,759,44,4,,0,75,,758,0,0,11 2 9 10,0,25,,758,44,4,,0,75,,767,0,0,11 2 9 10,0,25,,767,44,4,,0,75,,764,0,0,11 2 9 10,0,25,,764,44,4,,0,75,,762,0,0,11 2 9 10,0,25,,762,44,4,,0,75,,763,0,0,11 2 9 10,0,25,,763,44,4,,0,75,,766,0,0,11 2 9 10,0,25,,766,44,4,,0
3109,'1',610,,769,0,,,0,25,,769,31,4,,0,5,,787,0,,,0,65,,787,31,4,,0,5,,792,0,,,0,25,,792,31,4,,0,5,,789,0,,,0,65,,789,31,4,,0,5,,790,0,,,0,25,,790,31,4,,0,5,,791,0,,,0,65,,791,31,4,,0,5,,774,0,,,0,25,,774,31,4,,0,5,,786,0,,,0,65,,786,31,4,,0,5,,776,0,,,0,25,,776,31,4,,0,5,,775,0,,,0,65,,775,31,4,,0,5,,793,0,,,0,25,,793,31,4,,0,5,,783,0,,,0,65,,783,31,4,,0,5,,785,0,,,0,25,,785,31,4,,0,5,,796,0,,,0,65,,796,31,4,,0,5,,797,0,,,0,25,,797,31,4,,0,5,,770,0,,,0,65,,770,31,4,,0,5,,800,0,,,0,25,,800,31,4,,0,5,,782,0,,,0,65,,782,31,4,,0,5,,773,0,,,0,25,,773,31,4,,0,5,,799,0,,,0,65,,799,31,4,,0,5,,780,0,,,0,25,,780,31,4,,0,5,,777,0,,,0,65,,777,31,4,,0,5,,779,0,,,0,25,,779,31,4,,0,5,,772,0,,,0,65,,772,31,4,,0,5,,778,0,,,0,25,,778,31,4,,0,5,,781,0,,,0,65,,781,31,4,,0,5,,771,0,,,0,25,,771,31,4,,0,5,,798,0,,,0,65,,798,31,4,,0,5,,784,0,,,0,25,,784,31,4,,0,5,,795,0,,,0,65,,795,31,4,,0,5,,794,0,,,0,25,,794,31,4,,0,5,,788,0,,,0,65,,788,31,4,,0
3109,'2',740,,807,0,,,0,65,,807,31,4,,0,35,,804,0,,,0,65,,804,31,4,,0,35,,808,0,,,0,65,,808,31,4,,0,35,,806,0,,,0,65,,806,31,4,,0,35,,809,0,,,0,65,,809,31,4,,0,35,,812,0,,,0,65,,812,31,4,,0,35,,810,0,,,0,65,,810,31,4,,0,35,,805,0,,,0,65,,805,31,4,,0,35,,801,0,,,0,65,,801,31,4,,0,35,,803,0,,,0,65,,803,31,4,,0,35,,811,0,,,0,65,,811,31,4,,0,35,,802,0,,,0,65,,802,31,4,,0
3109,'3',740,,816,0,,,0,65,,816,31,4,,0,35,,818,0,,,0,65,,818,31,4,,0,35,,813,0,,,0,65,,813,31,4,,0,35,,815,0,,,0,65,,815,31,4,,0,35,,823,0,,,0,65,,823,31,4,,0,35,,814,0,,,0,65,,814,31,4,,0,35,,819,0,,,0,65,,819,31,4,,0,35,,822,0,,,0,65,,822,31,4,,0,35,,821,0,,,0,65,,821,31,4,,0,35,,820,0,,,0,65,,820,31,4,,0,35,,817,0,,,0,65,,817,31,4,,0
3200,'1',700,,828,0,,,0,100,,825,0,,,0,300,,826,0,,,0,500,,827,0,,,0,100,,824,0,,,0
3201,'1',800,,831,36,4,,0,100,,830,36,4,,0,300,,832,36,4,,0,500,,833,36,4,,0,100,,829,36,4,,0
